STMin::Observed_Data::Expected_Bkg::Shape_Unc_down::Shap_Unc_up::Norm_Unc
2500  7635  10042.140408  0.990821 1.038764 1.056370
2600  5842  7543.675266  0.994075 1.040954 1.056370
2700  4520  5704.723098  0.994085 1.043644 1.056370
2800  3493  4340.237448  0.992713 1.045821 1.056370
2900  2721  3320.324200  0.991078 1.046627 1.056370
3000  2127  2552.822341  0.988939 1.046242 1.056370
3100  1658  1971.695050  0.986043 1.044961 1.056370
3200  1285  1529.192072  0.982214 1.043088 1.056370
3300  997  1190.494312  0.977727 1.040942 1.056370
3400  784  930.013465  0.972801 1.038870 1.056370
3500  620  728.808570  0.967328 1.037260 1.056370
3600  474  572.764819  0.961066 1.036559 1.056370
3700  371  451.298076  0.953669 1.037059 1.056370
3800  301  356.425554  0.944669 1.038055 1.056370
3900  236  282.093856  0.933453 1.039633 1.056370
4000  188  223.689498  0.920615 1.042073 1.056370
4100  144  177.679874  0.907073 1.045730 1.056370
4200  116  141.348170  0.892860 1.051060 1.056370
4300  95  112.596440  0.878008 1.058362 1.056370
4400  72  89.798466  0.862543 1.067480 1.056370
4500  52  71.689223  0.846490 1.078958 1.056370
4600  37  57.281402  0.829871 1.092178 1.056370
4700  30  45.802082  0.812706 1.107247 1.056370
4800  23  36.644445  0.795017 1.124387 1.056370
4900  18  29.330820  0.776823 1.143890 1.056370
5000  12  23.484274  0.758143 1.165882 1.056370
5100  8  18.806694  0.738996 1.190067 1.056370
5200  7  15.061810  0.719404 1.216809 1.056370
5300  6  12.062006  0.699384 1.246549 1.056370
5400  6  9.658040  0.678958 1.279867 1.056370
5500  5  7.731003  0.658146 1.317534 1.056370
5600  5  6.186018  0.636968 1.360322 1.056370
5700  5  4.947280  0.615443 1.407813 1.056370
5800  5  3.954158  0.593588 1.460304 1.056370
5900  4  3.158101  0.571419 1.518331 1.056370
6000  2  2.520200  0.548948 1.582506 1.056370
6100  2  2.009247  0.526179 1.653525 1.056370
6200  1  1.600197  0.503112 1.732187 1.056370
6300  1  1.272937  0.479733 1.819410 1.056370
6400  1  1.011314  0.456016 1.916249 1.056370
6500  1  0.802345  0.431912 2.023924 1.056370
6600  1  0.635598  0.407349 2.143845 1.056370
6700  1  0.502690  0.382218 2.277654 1.056370
6800  1  0.396882  0.356362 2.427259 1.056370
6900  1  0.312763  0.329566 2.594893 1.056370
7000  0  0.245983  0.301529 2.783173 1.056370
7100  0  0.193054  0.271843 2.995180 1.056370
7200  0  0.151173  0.239955 3.234548 1.056370
7300  0  0.118097  0.206909 3.505590 1.056370
7400  0  0.092025  0.176659 3.813432 1.056370
7500  0  0.071518  0.149021 4.164202 1.056370
7600  0  0.055424  0.124109 4.565248 1.056370
7700  0  0.042824  0.101968 5.025424 1.056370
7800  0  0.032985  0.082582 5.555445 1.056370
7900  0  0.025322  0.065870 6.168339 1.056370
8000  0  0.019372  0.051699 6.880024 1.056370
8100  0  0.014765  0.039888 7.710047 1.056370
8200  0  0.011210  0.030222 8.682539 1.056370
8300  0  0.008476  0.022463 9.827457 1.056370
8400  0  0.006382  0.016358 11.182199 1.056370
8500  0  0.004783  0.011658 12.793736 1.056370
8600  0  0.003567  0.008120 14.721433 1.056370
8700  0  0.002647  0.005519 17.040811 1.056370
8800  0  0.001954  0.003656 19.848601 1.056370
8900  0  0.001434  0.002356 23.269594 1.056370
