STMin::Observed_Data::Expected_Bkg::Shape_Unc_down::Shap_Unc_up::Norm_Unc
2500  304604  304382.457313  0.987552 1.011472 1.004014
2600  229795  228830.481178  0.991436 1.014107 1.004014
2700  174459  173130.764866  0.991577 1.018198 1.004014
2800  133395  131754.750536  0.989807 1.022211 1.004014
2900  102341  100804.329815  0.987773 1.024644 1.004014
3000  78931  77503.726261  0.985204 1.025564 1.004014
3100  60732  59858.220296  0.981748 1.025315 1.004014
3200  47059  46422.185365  0.977167 1.024277 1.004014
3300  36430  36139.667303  0.971690 1.022875 1.004014
3400  28421  28233.684714  0.965488 1.021593 1.004014
3500  22333  22128.617645  0.958326 1.020829 1.004014
3600  17566  17395.302972  0.949839 1.021171 1.004014
3700  13915  13711.864836  0.939533 1.023327 1.004014
3800  11109  10835.549170  0.926759 1.026650 1.004014
3900  8803  8582.320170  0.910691 1.030749 1.004014
4000  6986  6811.976234  0.892760 1.035969 1.004014
4100  5469  5417.220773  0.873803 1.042748 1.004014
4200  4343  4315.587243  0.853898 1.051563 1.004014
4300  3421  3443.438067  0.833121 1.062549 1.004014
4400  2805  2751.480173  0.811546 1.075581 1.004014
4500  2264  2201.396373  0.789246 1.091074 1.004014
4600  1749  1763.302424  0.766292 1.108519 1.004014
4700  1409  1413.818436  0.742758 1.127748 1.004014
4800  1111  1134.599739  0.718713 1.148846 1.004014
4900  881  911.213055  0.694230 1.171899 1.004014
5000  690  732.273416  0.669379 1.197004 1.004014
5100  552  588.778830  0.644232 1.224263 1.004014
5200  468  473.595567  0.618860 1.253795 1.004014
5300  365  381.058616  0.593334 1.285729 1.004014
5400  297  306.660565  0.567724 1.320209 1.004014
5500  231  246.808582  0.542101 1.357398 1.004014
5600  184  198.634058  0.516534 1.397479 1.004014
5700  141  159.843097  0.491093 1.440657 1.004014
5800  115  128.598772  0.465843 1.487165 1.004014
5900  96  103.428192  0.440850 1.537270 1.004014
6000  87  83.148963  0.416178 1.591275 1.004014
6100  73  66.810890  0.391887 1.649530 1.004014
6200  47  53.649649  0.368035 1.712442 1.004014
6300  44  43.049909  0.344673 1.780482 1.004014
6400  36  34.515930  0.321853 1.854205 1.004014
6500  30  27.648067  0.299615 1.934266 1.004014
6600  25  22.123975  0.277999 2.021445 1.004014
6700  25  17.683548  0.257032 2.116676 1.004014
6800  25  14.116839  0.236737 2.221089 1.004014
6900  22  11.254347  0.217123 2.336058 1.004014
7000  16  8.959213  0.198190 2.463266 1.004014
7100  15  7.120933  0.179921 2.604796 1.004014
7200  12  5.650292  0.162284 2.763234 1.004014
7300  11  4.475275  0.145224 2.941822 1.004014
7400  8  3.537770  0.128662 3.144652 1.004014
7500  8  2.790904  0.112483 3.376915 1.004014
7600  8  2.196889  0.096533 3.645252 1.004014
7700  7  1.725278  0.080606 3.954336 1.004014
7800  6  1.351561  0.064425 4.303746 1.004014
7900  6  1.056021  0.050595 4.701389 1.004014
8000  6  0.822814  0.039070 5.155501 1.004014
8100  6  0.639222  0.029637 5.676000 1.004014
8200  6  0.495049  0.022061 6.274894 1.004014
8300  6  0.382130  0.016097 6.966782 1.004014
8400  6  0.293940  0.011498 7.769506 1.004014
8500  3  0.225270  0.008031 8.704987 1.004014
8600  3  0.171969  0.005477 9.800303 1.004014
8700  3  0.130738  0.003642 11.089097 1.004014
8800  2  0.098958  0.002358 12.613414 1.004014
8900  2  0.074557  0.001484 14.426131 1.004014
