STMin::Observed_Data::Expected_Bkg::Shape_Unc_down::Shap_Unc_up::Norm_Unc
2500  42466  42083.068004  0.980208 1.024981 1.014137
2600  31312  30418.616298  0.988783 1.033676 1.014137
2700  23307  22151.013354  0.991838 1.045294 1.014137
2800  17406  16241.004368  0.990542 1.058179 1.014137
2900  13123  11983.008207  0.988228 1.071632 1.014137
3000  9922  8892.894161  0.984967 1.083607 1.014137
3100  7496  6635.206736  0.980249 1.094348 1.014137
3200  5681  4975.381390  0.974350 1.104164 1.014137
3300  4278  3748.004200  0.968499 1.113444 1.014137
3400  3277  2835.499900  0.962900 1.122677 1.014137
3500  2510  2153.677072  0.957408 1.132480 1.014137
3600  1930  1641.831249  0.951704 1.143405 1.014137
3700  1492  1255.908523  0.945272 1.154374 1.014137
3800  1167  963.743844  0.937371 1.165627 1.014137
3900  914  741.718367  0.926988 1.177577 1.014137
4000  689  572.395646  0.912782 1.190779 1.014137
4100  536  442.838383  0.897282 1.205960 1.014137
4200  420  343.401932  0.880814 1.224069 1.014137
4300  324  266.864160  0.863408 1.244994 1.014137
4400  261  207.794210  0.845097 1.269660 1.014137
4500  206  162.092027  0.825916 1.298041 1.014137
4600  159  126.650695  0.805899 1.330584 1.014137
4700  123  99.107588  0.785087 1.368236 1.014137
4800  92  77.660117  0.763520 1.412210 1.014137
4900  69  60.928683  0.741245 1.464061 1.014137
5000  54  47.854317  0.718310 1.525783 1.014137
5100  44  37.621920  0.694767 1.599930 1.014137
5200  34  29.602467  0.670671 1.689777 1.014137
5300  23  23.309347  0.646082 1.792292 1.014137
5400  18  18.365257  0.621060 1.906382 1.014137
5500  13  14.477023  0.595671 2.033314 1.014137
5600  10  11.416381  0.569981 2.174523 1.014137
5700  8  9.005276  0.544056 2.331634 1.014137
5800  7  7.104576  0.517965 2.506485 1.014137
5900  5  5.605385  0.491774 2.701161 1.014137
6000  3  4.422350  0.465547 2.918027 1.014137
6100  3  3.488473  0.439346 3.159765 1.014137
6200  3  2.751104  0.413224 3.429423 1.014137
6300  3  2.168813  0.387226 3.730466 1.014137
6400  1  1.708975  0.361385 4.066839 1.014137
6500  1  1.345865  0.335720 4.443032 1.014137
6600  1  1.059189  0.310226 4.864168 1.014137
6700  1  0.832924  0.284873 5.336094 1.014137
6800  1  0.654409  0.259595 5.865490 1.014137
6900  1  0.513639  0.234283 6.460001 1.014137
7000  0  0.402700  0.208766 7.128381 1.014137
7100  0  0.315335  0.182803 7.880669 1.014137
7200  0  0.246590  0.156053 8.728392 1.014137
7300  0  0.192549  0.129300 9.684803 1.014137
7400  0  0.150112  0.105696 10.765156 1.014137
7500  0  0.116827  0.085111 11.987038 1.014137
7600  0  0.090754  0.067453 13.370748 1.014137
7700  0  0.070360  0.052564 14.939751 1.014137
7800  0  0.054432  0.040238 16.721215 1.014137
7900  0  0.042014  0.030227 18.746641 1.014137
8000  0  0.032350  0.022257 21.052613 1.014137
8100  0  0.024845  0.016045 23.681689 1.014137
8200  0  0.019028  0.011311 26.683460 1.014137
8300  0  0.014530  0.007787 30.115820 1.014137
8400  0  0.011060  0.005227 34.046479 1.014137
8500  0  0.008392  0.003417 38.554784 1.014137
8600  0  0.006344  0.002171 43.733912 1.014137
8700  0  0.004778  0.001339 49.693519 1.014137
8800  0  0.003585  0.000800 56.562952 1.014137
8900  0  0.002678  0.000462 64.495161 1.014137
