STMin::Observed_Data::Expected_Bkg::Shape_Unc_down::Shap_Unc_up::Norm_Unc
2500  177  216.713965  0.990445 1.025013 1.218822
2600  144  162.893355  0.990647 1.027543 1.218822
2700  117  123.191994  0.989058 1.030858 1.218822
2800  97  93.684235  0.988116 1.034375 1.218822
2900  76  71.602002  0.986896 1.037509 1.218822
3000  61  54.973280  0.984442 1.040625 1.218822
3100  51  42.379848  0.980110 1.044182 1.218822
3200  39  32.792859  0.974587 1.048698 1.218822
3300  33  25.459940  0.968007 1.054767 1.218822
3400  30  19.826815  0.960161 1.063089 1.218822
3500  22  15.482347  0.950596 1.074505 1.218822
3600  18  12.119645  0.938684 1.088813 1.218822
3700  12  9.508282  0.923965 1.106336 1.218822
3800  9  7.474309  0.906937 1.127923 1.218822
3900  5  5.885745  0.887183 1.154508 1.218822
4000  2  4.641988  0.864141 1.185814 1.218822
4100  1  3.666021  0.837092 1.221673 1.218822
4200  0  2.898648  0.805898 1.262468 1.218822
4300  0  2.294197  0.772547 1.308627 1.218822
4400  0  1.817313  0.737373 1.360633 1.218822
4500  0  1.440539  0.700715 1.419028 1.218822
4600  0  1.142490  0.662928 1.484430 1.218822
4700  0  0.906461  0.624372 1.557536 1.218822
4800  0  0.719377  0.585402 1.639139 1.218822
4900  0  0.570974  0.546368 1.730142 1.218822
5000  0  0.453182  0.507600 1.831568 1.218822
5100  0  0.359643  0.469408 1.944588 1.218822
5200  0  0.285339  0.432076 2.070531 1.218822
5300  0  0.226301  0.395858 2.210919 1.218822
5400  0  0.179391  0.360973 2.367488 1.218822
5500  0  0.142118  0.327609 2.542225 1.218822
5600  0  0.112508  0.295918 2.737408 1.218822
5700  0  0.088994  0.266015 2.955650 1.218822
5800  0  0.070327  0.237985 3.199954 1.218822
5900  0  0.055516  0.211879 3.473777 1.218822
6000  0  0.043774  0.187718 3.781103 1.218822
6100  0  0.034470  0.165496 4.126538 1.218822
6200  0  0.027106  0.145184 4.515409 1.218822
6300  0  0.021283  0.126729 4.953895 1.218822
6400  0  0.016683  0.110063 5.449171 1.218822
6500  0  0.013055  0.095104 6.009593 1.218822
6600  0  0.010197  0.081755 6.644908 1.218822
6700  0  0.007948  0.069916 7.366513 1.218822
6800  0  0.006183  0.059477 8.187763 1.218822
6900  0  0.004798  0.050328 9.124345 1.218822
7000  0  0.003715  0.042356 10.194728 1.218822
7100  0  0.002869  0.035452 11.420716 1.218822
7200  0  0.002210  0.029509 12.828108 1.218822
7300  0  0.001697  0.024423 14.447520 1.218822
7400  0  0.001300  0.020098 16.315382 1.218822
7500  0  0.000992  0.016442 18.475166 1.218822
7600  0  0.000755  0.013371 20.978902 1.218822
7700  0  0.000573  0.010808 23.889059 1.218822
7800  0  0.000433  0.008682 27.280878 1.218822
7900  0  0.000326  0.006929 31.245293 1.218822
8000  0  0.000244  0.005495 35.892589 1.218822
8100  0  0.000182  0.004328 41.357017 1.218822
8200  0  0.000135  0.003386 47.802636 1.218822
8300  0  0.000100  0.002630 55.430750 1.218822
8400  0  0.000074  0.002028 64.489439 1.218822
8500  0  0.000054  0.001553 75.285817 1.218822
8600  0  0.000039  0.001179 88.201948 1.218822
8700  0  0.000028  0.000889 103.715605 1.218822
8800  0  0.000020  0.000664 122.427587 1.218822
8900  0  0.000015  0.000492 145.097948 1.218822
