STMin::Observed_Data::Expected_Bkg::Shape_Unc_down::Shap_Unc_up::Norm_Unc
2500  4642  5547.219081  0.867398 1.011348 1.108165
2600  3625  4170.321847  0.871271 1.013940 1.108165
2700  2792  3155.222186  0.871999 1.017978 1.108165
2800  2168  2401.164878  0.871227 1.021922 1.108165
2900  1683  1837.108836  0.870144 1.024267 1.108165
3000  1351  1412.466910  0.868492 1.025074 1.108165
3100  1084  1090.886330  0.866003 1.024682 1.108165
3200  836  846.021267  0.862485 1.023461 1.108165
3300  656  658.627484  0.858066 1.021826 1.108165
3400  548  514.544878  0.852932 1.020252 1.108165
3500  448  403.283064  0.846932 1.019287 1.108165
3600  357  317.020755  0.839798 1.019579 1.108165
3700  268  249.891925  0.831167 1.021898 1.108165
3800  217  197.472500  0.820559 1.025720 1.108165
3900  157  156.408521  0.807357 1.030262 1.108165
4000  113  124.144882  0.792715 1.035812 1.108165
4100  97  98.726157  0.777179 1.042747 1.108165
4200  78  78.649433  0.760808 1.051549 1.108165
4300  66  62.754948  0.743659 1.062532 1.108165
4400  53  50.144359  0.725789 1.075560 1.108165
4500  39  40.119355  0.707253 1.091049 1.108165
4600  31  32.135310  0.688105 1.108488 1.108165
4700  28  25.766138  0.668401 1.127709 1.108165
4800  23  20.677516  0.648195 1.148798 1.108165
4900  17  16.606405  0.627544 1.171840 1.108165
5000  9  13.345319  0.606504 1.196930 1.108165
5100  6  10.730201  0.585130 1.224171 1.108165
5200  3  8.631043  0.563481 1.253681 1.108165
5300  2  6.944603  0.541613 1.285587 1.108165
5400  2  5.588736  0.519585 1.320034 1.108165
5500  2  4.497963  0.497455 1.357181 1.108165
5600  2  3.620006  0.475280 1.397209 1.108165
5700  2  2.913060  0.453119 1.440321 1.108165
5800  2  2.343648  0.431028 1.486749 1.108165
5900  1  1.884927  0.409064 1.536752 1.108165
6000  1  1.515348  0.387281 1.590631 1.108165
6100  1  1.217595  0.365732 1.648730 1.108165
6200  0  0.977738  0.344465 1.711445 1.108165
6300  0  0.784563  0.323528 1.779240 1.108165
6400  0  0.629035  0.302962 1.852657 1.108165
6500  0  0.503872  0.282803 1.932334 1.108165
6600  0  0.403198  0.263082 2.019030 1.108165
6700  0  0.322273  0.243819 2.113656 1.108165
6800  0  0.257272  0.225029 2.217306 1.108165
6900  0  0.205104  0.206709 2.331313 1.108165
7000  0  0.163277  0.188845 2.457307 1.108165
7100  0  0.129775  0.171405 2.597299 1.108165
7200  0  0.102973  0.154332 2.753787 1.108165
7300  0  0.081559  0.137543 2.929897 1.108165
7400  0  0.064474  0.120915 3.129569 1.108165
7500  0  0.050862  0.104284 3.357799 1.108165
7600  0  0.040037  0.087422 3.620970 1.108165
7700  0  0.031442  0.070803 3.923422 1.108165
7800  0  0.024631  0.056496 4.264291 1.108165
7900  0  0.019245  0.044368 4.650902 1.108165
8000  0  0.014995  0.034262 5.090719 1.108165
8100  0  0.011649  0.025990 5.592635 1.108165
8200  0  0.009021  0.019347 6.167284 1.108165
8300  0  0.006964  0.014116 6.827424 1.108165
8400  0  0.005356  0.010084 7.588414 1.108165
8500  0  0.004105  0.007044 8.468809 1.108165
8600  0  0.003133  0.004804 9.491104 1.108165
8700  0  0.002382  0.003195 10.682663 1.108165
8800  0  0.001803  0.002068 12.076888 1.108165
8900  0  0.001358  0.001302 13.714687 1.108165
9000  0  0.001018  0.000795 15.646321 1.108165
9100  0  0.000759  0.000470 17.933729 1.108165
9200  0  0.000563  0.000268 20.653452 1.108165
9300  0  0.000415  0.000148 23.900312 1.108165
9400  0  0.000304  0.000078 27.792004 1.108165
9500  0  0.000221  0.000040 32.474822 1.108165
9600  0  0.000160  0.000019 38.130721 1.108165
9700  0  0.000114  0.000009 44.985923 1.108165
9800  0  0.000081  0.000004 53.321203 1.108165
9900  0  0.000057  0.000002 63.483849 1.108165
