STMin::Observed_Data::Expected_Bkg::Shape_Unc_down::Shap_Unc_up::Norm_Unc
2500  353  110.384223  0.961395 1.011347 2.000643
2600  288  82.985317  0.965685 1.013941 2.000643
2700  235  62.785829  0.966488 1.017979 2.000643
2800  191  47.780828  0.965628 1.021923 2.000643
2900  148  36.556665  0.964421 1.024268 2.000643
3000  117  28.106707  0.962582 1.025075 2.000643
3100  99  21.707569  0.959814 1.024682 2.000643
3200  77  16.834994  0.955901 1.023461 2.000643
3300  65  13.106041  0.950987 1.021825 2.000643
3400  60  10.238939  0.945276 1.020251 2.000643
3500  44  8.024938  0.938598 1.019286 2.000643
3600  38  6.308402  0.930658 1.019578 2.000643
3700  24  4.972604  0.921050 1.021897 2.000643
3800  17  3.929509  0.909240 1.025718 2.000643
3900  7  3.112376  0.894541 1.030260 2.000643
4000  2  2.470361  0.878230 1.035811 2.000643
4100  1  1.964554  0.860908 1.042747 2.000643
4200  0  1.565047  0.842636 1.051549 2.000643
4300  0  1.248762  0.823471 1.062532 2.000643
4400  0  0.997824  0.803467 1.075561 2.000643
4500  0  0.798336  0.782676 1.091050 2.000643
4600  0  0.639461  0.761148 1.108489 2.000643
4700  0  0.512721  0.738930 1.127711 2.000643
4800  0  0.411462  0.716066 1.148799 2.000643
4900  0  0.330451  0.692593 1.171841 2.000643
5000  0  0.265559  0.668549 1.196931 2.000643
5100  0  0.213520  0.643961 1.224173 2.000643
5200  0  0.171749  0.618850 1.253683 2.000643
5300  0  0.138191  0.593324 1.285589 2.000643
5400  0  0.111210  0.567712 1.320035 2.000643
5500  0  0.089505  0.542087 1.357182 2.000643
5600  0  0.072035  0.516516 1.397211 2.000643
5700  0  0.057967  0.491070 1.440323 2.000643
5800  0  0.046636  0.465815 1.486750 2.000643
5900  0  0.037508  0.440816 1.536754 2.000643
6000  0  0.030154  0.416135 1.590633 2.000643
6100  0  0.024229  0.391834 1.648732 2.000643
6200  0  0.019456  0.367968 1.711447 2.000643
6300  0  0.015612  0.344591 1.779242 2.000643
6400  0  0.012517  0.321750 1.852659 2.000643
6500  0  0.010027  0.299487 1.932335 2.000643
6600  0  0.008023  0.277838 2.019032 2.000643
6700  0  0.006413  0.256831 2.113657 2.000643
6800  0  0.005119  0.236485 2.217307 2.000643
6900  0  0.004081  0.216807 2.331314 2.000643
7000  0  0.003249  0.197792 2.457308 2.000643
7100  0  0.002582  0.179421 2.597299 2.000643
7200  0  0.002049  0.161654 2.753787 2.000643
7300  0  0.001623  0.144429 2.929896 2.000643
7400  0  0.001283  0.127655 3.129567 2.000643
7500  0  0.001012  0.111207 3.357796 2.000643
7600  0  0.000797  0.094912 3.620965 2.000643
7700  0  0.000626  0.078542 3.923416 2.000643
7800  0  0.000490  0.062619 4.264284 2.000643
7900  0  0.000383  0.049176 4.650895 2.000643
8000  0  0.000298  0.037975 5.090711 2.000643
8100  0  0.000232  0.028807 5.592626 2.000643
8200  0  0.000180  0.021444 6.167274 2.000643
8300  0  0.000139  0.015646 6.827413 2.000643
8400  0  0.000107  0.011177 7.588402 2.000643
8500  0  0.000082  0.007807 8.468796 2.000643
8600  0  0.000062  0.005325 9.491089 2.000643
8700  0  0.000047  0.003541 10.682646 2.000643
8800  0  0.000036  0.002293 12.076869 2.000643
8900  0  0.000027  0.001443 13.714666 2.000643
9000  0  0.000020  0.000881 15.646297 2.000643
9100  0  0.000015  0.000521 17.933701 2.000643
9200  0  0.000011  0.000297 20.653420 2.000643
9300  0  0.000008  0.000164 23.900275 2.000643
9400  0  0.000006  0.000087 27.791961 2.000643
9500  0  0.000004  0.000044 32.474771 2.000643
9600  0  0.000003  0.000021 38.130662 2.000643
9700  0  0.000002  0.000010 44.985853 2.000643
9800  0  0.000002  0.000004 53.321119 2.000643
9900  0  0.000001  0.000002 63.483750 2.000643
