STMin::Observed_Data::Expected_Bkg::Shape_Unc_down::Shap_Unc_up::Norm_Unc
2600  29  23.270479  0.990648 1.027543 1.577579
2700  20  17.598856  0.989058 1.030859 1.577579
2800  15  13.383462  0.988117 1.034377 1.577579
2900  13  10.228857  0.986897 1.037511 1.577579
3000  10  7.853326  0.984444 1.040626 1.577579
3100  10  6.054264  0.980112 1.044183 1.577579
3200  6  4.684694  0.974590 1.048699 1.577579
3300  6  3.637134  0.968009 1.054767 1.577579
3400  5  2.832402  0.960163 1.063089 1.577579
3500  3  2.211764  0.950598 1.074504 1.577579
3600  3  1.731378  0.938685 1.088812 1.577579
3700  2  1.358326  0.923965 1.106336 1.577579
3800  1  1.067758  0.906938 1.127922 1.577579
3900  1  0.840821  0.887184 1.154507 1.577579
4000  0  0.663141  0.864141 1.185813 1.577579
4100  0  0.523717  0.837092 1.221672 1.577579
4200  0  0.414093  0.805898 1.262467 1.577579
4300  0  0.327742  0.772547 1.308626 1.577579
4400  0  0.259616  0.737373 1.360632 1.577579
4500  0  0.205791  0.700715 1.419027 1.577579
4600  0  0.163213  0.662928 1.484428 1.577579
4700  0  0.129494  0.624371 1.557534 1.577579
4800  0  0.102768  0.585402 1.639138 1.577579
4900  0  0.081568  0.546368 1.730140 1.577579
5000  0  0.064740  0.507600 1.831567 1.577579
5100  0  0.051378  0.469408 1.944586 1.577579
5200  0  0.040763  0.432076 2.070530 1.577579
5300  0  0.032329  0.395858 2.210917 1.577579
5400  0  0.025627  0.360973 2.367486 1.577579
5500  0  0.020303  0.327609 2.542223 1.577579
5600  0  0.016073  0.295917 2.737406 1.577579
5700  0  0.012713  0.266015 2.955648 1.577579
5800  0  0.010047  0.237985 3.199952 1.577579
5900  0  0.007931  0.211879 3.473774 1.577579
6000  0  0.006253  0.187718 3.781101 1.577579
6100  0  0.004924  0.165496 4.126535 1.577579
6200  0  0.003872  0.145183 4.515406 1.577579
6300  0  0.003040  0.126729 4.953891 1.577579
6400  0  0.002383  0.110063 5.449167 1.577579
6500  0  0.001865  0.095104 6.009588 1.577579
6600  0  0.001457  0.081755 6.644903 1.577579
6700  0  0.001135  0.069916 7.366508 1.577579
6800  0  0.000883  0.059477 8.187757 1.577579
6900  0  0.000685  0.050328 9.124338 1.577579
7000  0  0.000531  0.042356 10.194721 1.577579
7100  0  0.000410  0.035452 11.420708 1.577579
7200  0  0.000316  0.029509 12.828098 1.577579
7300  0  0.000242  0.024423 14.447510 1.577579
7400  0  0.000186  0.020098 16.315370 1.577579
7500  0  0.000142  0.016442 18.475153 1.577579
7600  0  0.000108  0.013371 20.978887 1.577579
7700  0  0.000082  0.010808 23.889042 1.577579
7800  0  0.000062  0.008682 27.280859 1.577579
7900  0  0.000047  0.006929 31.245271 1.577579
8000  0  0.000035  0.005495 35.892564 1.577579
8100  0  0.000026  0.004328 41.356988 1.577579
8200  0  0.000019  0.003386 47.802602 1.577579
8300  0  0.000014  0.002630 55.430712 1.577579
8400  0  0.000011  0.002028 64.489394 1.577579
8500  0  0.000008  0.001553 75.285766 1.577579
8600  0  0.000006  0.001179 88.201889 1.577579
8700  0  0.000004  0.000889 103.715536 1.577579
8800  0  0.000003  0.000664 122.427507 1.577579
8900  0  0.000002  0.000492 145.097855 1.577579
