STMin::Observed_Data::Expected_Bkg::Shape_Unc_down::Shap_Unc_up::Norm_Unc
2500  42815  44717.611128  0.994974 1.026707 1.027580
2600  31930  32761.847347  0.996290 1.029836 1.027580
2700  23803  24154.017194  0.995744 1.033519 1.027580
2800  17832  17910.371248  0.995007 1.036514 1.027580
2900  13459  13350.608672  0.994180 1.038301 1.027580
3000  10188  9999.689272  0.992970 1.038995 1.027580
3100  7717  7522.920690  0.991080 1.038842 1.027580
3200  5916  5682.534986  0.988383 1.038108 1.027580
3300  4504  4308.321326  0.985283 1.037093 1.027580
3400  3444  3277.562204  0.981995 1.036148 1.027580
3500  2625  2501.195741  0.978376 1.035690 1.027580
3600  2009  1914.187594  0.974223 1.036029 1.027580
3700  1529  1468.776540  0.969230 1.036477 1.027580
3800  1177  1129.699444  0.962978 1.037069 1.027580
3900  906  870.791152  0.954901 1.038064 1.027580
4000  712  672.547013  0.945251 1.039813 1.027580
4100  561  520.364372  0.934476 1.042781 1.027580
4200  431  403.266331  0.922431 1.047370 1.027580
4300  341  312.970321  0.908932 1.053381 1.027580
4400  276  243.204724  0.893750 1.061272 1.027580
4500  224  189.205000  0.876863 1.070925 1.027580
4600  184  147.340424  0.859099 1.082131 1.027580
4700  139  114.836362  0.840542 1.095122 1.027580
4800  109  89.566768  0.821216 1.110244 1.027580
4900  86  69.898540  0.801150 1.127952 1.027580
5000  55  54.574348  0.780373 1.148256 1.027580
5100  45  42.624110  0.758918 1.171326 1.027580
5200  33  33.297896  0.736818 1.197491 1.027580
5300  27  26.014922  0.714110 1.227140 1.027580
5400  19  20.324648  0.690835 1.260040 1.027580
5500  17  15.877044  0.667031 1.296432 1.027580
5600  11  12.399790  0.642740 1.336653 1.027580
5700  6  9.680761  0.618003 1.381081 1.027580
5800  4  7.554540  0.592859 1.430146 1.027580
5900  4  5.892003  0.567346 1.484337 1.027580
6000  3  4.592269  0.541492 1.544207 1.027580
6100  3  3.576466  0.515322 1.610388 1.027580
6200  2  2.782891  0.488845 1.683601 1.027580
6300  2  2.163248  0.462053 1.764675 1.027580
6400  0  1.679717  0.434916 1.854561 1.027580
6500  0  1.302679  0.407370 1.954352 1.027580
6600  0  1.008929  0.379307 2.065316 1.027580
6700  0  0.780290  0.350561 2.188918 1.027580
6800  0  0.602521  0.320887 2.326864 1.027580
6900  0  0.464470  0.289932 2.481140 1.027580
7000  0  0.357402  0.257205 2.654074 1.027580
7100  0  0.274484  0.223317 2.848394 1.027580
7200  0  0.210368  0.191799 3.067315 1.027580
7300  0  0.160875  0.162836 3.314640 1.027580
7400  0  0.122738  0.136564 3.594881 1.027580
7500  0  0.093410  0.113057 3.913414 1.027580
7600  0  0.070903  0.092321 4.276670 1.027580
7700  0  0.053669  0.074303 4.692379 1.027580
7800  0  0.040504  0.058891 5.169868 1.027580
7900  0  0.030473  0.045924 5.720446 1.027580
8000  0  0.022851  0.035202 6.357890 1.027580
8100  0  0.017076  0.026497 7.099070 1.027580
8200  0  0.012713  0.019564 7.964750 1.027580
8300  0  0.009428  0.014154 8.980627 1.027580
8400  0  0.006964  0.010021 10.178680 1.027580
8500  0  0.005121  0.006934 11.598947 1.027580
8600  0  0.003749  0.004683 13.291867 1.027580
8700  0  0.002731  0.003083 15.321389 1.027580
8800  0  0.001979  0.001975 17.769145 1.027580
8900  0  0.001427  0.001229 20.740083 1.027580
