STMin::Observed_Data::Expected_Bkg::Shape_Unc_down::Shap_Unc_up::Norm_Unc
2500  87171  87236.726661  0.990450 1.017765 1.011810
2600  65863  65496.918037  0.992414 1.017968 1.011810
2700  49699  49486.567759  0.991675 1.019082 1.011810
2800  37808  37607.743925  0.989872 1.020087 1.011810
2900  28919  28733.673026  0.987788 1.020048 1.011810
3000  22183  22062.175070  0.985060 1.019169 1.011810
3100  17054  17017.066746  0.981310 1.017756 1.011810
3200  13121  13181.065966  0.976241 1.016149 1.011810
3300  10108  10249.641741  0.969987 1.014736 1.011810
3400  7852  7998.952381  0.962616 1.013828 1.011810
3500  6184  6263.362521  0.954284 1.013341 1.011810
3600  4826  4919.538921  0.945022 1.013652 1.011810
3700  3812  3875.107536  0.934530 1.015256 1.011810
3800  3006  3060.501246  0.922407 1.017048 1.011810
3900  2363  2423.058217  0.908139 1.019156 1.011810
4000  1851  1922.720342  0.892177 1.021808 1.011810
4100  1462  1528.877745  0.875328 1.025306 1.011810
4200  1134  1218.039913  0.857632 1.030040 1.011810
4300  876  972.107038  0.839127 1.036290 1.011810
4400  702  777.079889  0.819853 1.043846 1.011810
4500  557  622.092032  0.799850 1.052949 1.011810
4600  441  498.680295  0.779159 1.063033 1.011810
4700  350  400.232303  0.757823 1.074020 1.011810
4800  280  321.566258  0.735886 1.085962 1.011810
4900  220  258.609990  0.713395 1.098941 1.011810
5000  179  208.154842  0.690397 1.113079 1.011810
5100  148  167.666254  0.666944 1.128553 1.011810
5200  122  135.137437  0.643088 1.145610 1.011810
5300  97  108.975980  0.618881 1.164588 1.011810
5400  76  87.915669  0.594378 1.185946 1.011810
5500  59  70.947717  0.569636 1.210291 1.011810
5600  43  57.266977  0.544709 1.237866 1.011810
5700  34  46.229744  0.519652 1.267964 1.011810
5800  33  37.320579  0.494520 1.300946 1.011810
5900  31  30.126144  0.469362 1.337070 1.011810
6000  25  24.314536  0.444227 1.376626 1.011810
6100  19  19.618905  0.419154 1.419937 1.011810
6200  15  15.824466  0.394179 1.467367 1.011810
6300  12  12.758159  0.369324 1.519324 1.011810
6400  9  10.280412  0.344602 1.576271 1.011810
6500  7  8.278568  0.320006 1.638732 1.011810
6600  7  6.661629  0.295511 1.707300 1.011810
6700  5  5.356041  0.271062 1.782649 1.011810
6800  3  4.302320  0.246575 1.865548 1.011810
6900  3  3.452337  0.221921 1.956877 1.011810
7000  2  2.767138  0.196917 2.057643 1.011810
7100  2  2.215186  0.171313 2.169003 1.011810
7200  2  1.770942  0.145710 2.292291 1.011810
7300  2  1.413727  0.122539 2.429049 1.011810
7400  2  1.126793  0.101781 2.581064 1.011810
7500  2  0.896581  0.083436 2.750416 1.011810
7600  2  0.712112  0.067454 2.939531 1.011810
7700  2  0.564503  0.053738 3.151250 1.011810
7800  0  0.446566  0.042151 3.388913 1.011810
7900  0  0.352491  0.032524 3.656459 1.011810
8000  0  0.277582  0.024662 3.958552 1.011810
8100  0  0.218046  0.018360 4.300740 1.011810
8200  0  0.170826  0.013405 4.689644 1.011810
8300  0  0.133456  0.009588 5.133207 1.011810
8400  0  0.103949  0.006709 5.640998 1.011810
8500  0  0.080710  0.004588 6.224599 1.011810
8600  0  0.062455  0.003061 6.898103 1.011810
8700  0  0.048157  0.001990 7.678741 1.011810
8800  0  0.036991  0.001259 8.587703 1.011810
8900  0  0.028301  0.000773 9.651191 1.011810
