STMin::Observed_Data::Expected_Bkg::Shape_Unc_down::Shap_Unc_up::Norm_Unc
2500  225  211.169971  0.993241 1.024816 1.224267
2600  183  158.549101  0.994403 1.025302 1.224267
2700  147  119.782719  0.993231 1.026138 1.224267
2800  116  91.006128  0.991908 1.026672 1.224267
2900  81  69.497287  0.990189 1.026826 1.224267
3000  61  53.319223  0.987677 1.026742 1.224267
3100  51  41.080584  0.984067 1.026865 1.224267
3200  41  31.773247  0.979667 1.027692 1.224267
3300  31  24.660915  0.974616 1.029791 1.224267
3400  27  19.201839  0.968671 1.033830 1.224267
3500  23  14.994686  0.961465 1.040607 1.224267
3600  21  11.740259  0.952662 1.049808 1.224267
3700  12  9.214195  0.941887 1.061934 1.224267
3800  11  7.247329  0.929808 1.077834 1.224267
3900  7  5.711466  0.917094 1.098393 1.224267
4000  3  4.509004  0.903777 1.123276 1.224267
4100  3  3.565305  0.889875 1.152207 1.224267
4200  2  2.823061  0.875403 1.185494 1.224267
4300  1  2.238103  0.860371 1.223483 1.224267
4400  1  1.776268  0.844784 1.266557 1.224267
4500  1  1.411047  0.828648 1.315152 1.224267
4600  1  1.121806  0.811964 1.369757 1.224267
4700  1  0.892439  0.794733 1.430927 1.224267
4800  1  0.710342  0.776951 1.499289 1.224267
4900  1  0.565628  0.758614 1.575555 1.224267
5000  1  0.450522  0.739714 1.660530 1.224267
5100  1  0.358899  0.720239 1.755131 1.224267
5200  1  0.285923  0.700173 1.860394 1.224267
5300  1  0.227772  0.679494 1.977501 1.224267
5400  1  0.181417  0.658169 2.107792 1.224267
5500  1  0.144455  0.636156 2.252793 1.224267
5600  1  0.114980  0.613396 2.414244 1.224267
5700  1  0.091474  0.589811 2.594127 1.224267
5800  1  0.072731  0.565294 2.794705 1.224267
5900  1  0.057788  0.539706 3.018567 1.224267
6000  1  0.045878  0.513742 3.268676 1.224267
6100  0  0.036391  0.487919 3.548426 1.224267
6200  0  0.028836  0.462309 3.861718 1.224267
6300  0  0.022824  0.436974 4.213034 1.224267
6400  0  0.018044  0.411967 4.607539 1.224267
6500  0  0.014246  0.387333 5.051189 1.224267
6600  0  0.011231  0.363099 5.550872 1.224267
6700  0  0.008841  0.339280 6.114560 1.224267
6800  0  0.006948  0.315871 6.751502 1.224267
6900  0  0.005451  0.292844 7.472448 1.224267
7000  0  0.004268  0.270142 8.289920 1.224267
7100  0  0.003335  0.247672 9.218529 1.224267
7200  0  0.002601  0.225294 10.275366 1.224267
7300  0  0.002023  0.202810 11.480461 1.224267
7400  0  0.001570  0.179943 12.857350 1.224267
7500  0  0.001216  0.156316 14.433744 1.224267
7600  0  0.000939  0.131414 16.242359 1.224267
7700  0  0.000723  0.107894 18.321909 1.224267
7800  0  0.000555  0.087294 20.718333 1.224267
7900  0  0.000425  0.069537 23.486286 1.224267
8000  0  0.000324  0.054488 26.690980 1.224267
8100  0  0.000246  0.041956 30.410451 1.224267
8200  0  0.000186  0.031715 34.738365 1.224267
8300  0  0.000141  0.023508 39.787511 1.224267
8400  0  0.000106  0.017066 45.694160 1.224267
8500  0  0.000079  0.012119 52.623529 1.224267
8600  0  0.000059  0.008407 60.776674 1.224267
8700  0  0.000044  0.005689 70.399207 1.224267
8800  0  0.000032  0.003749 81.792413 1.224267
8900  0  0.000024  0.002403 95.327469 1.224267
