STMin::Observed_Data::Expected_Bkg::Shape_Unc_down::Shap_Unc_up::Norm_Unc
2500  87171  86953.378203  0.989007 1.007382 1.007681
2600  65863  65285.702473  0.988763 1.008991 1.007681
2700  49699  49322.884501  0.985857 1.011239 1.007681
2800  37808  37473.558618  0.982290 1.013347 1.007681
2900  28919  28616.871205  0.978225 1.014961 1.007681
3000  22183  21955.236225  0.973432 1.016327 1.007681
3100  17054  16915.736200  0.967754 1.017835 1.007681
3200  13121  13083.257810  0.961858 1.019916 1.007681
3300  10108  10154.615646  0.955827 1.023063 1.007681
3400  7852  7906.733944  0.949423 1.027852 1.007681
3500  6184  6174.355998  0.942237 1.034061 1.007681
3600  4826  4834.281926  0.933670 1.041891 1.007681
3700  3812  3794.125591  0.922902 1.052000 1.007681
3800  3006  2984.229747  0.911072 1.065249 1.007681
3900  2363  2351.808100  0.898633 1.082743 1.007681
4000  1851  1856.670740  0.885608 1.104452 1.007681
4100  1462  1468.084229  0.872015 1.130495 1.007681
4200  1134  1162.450786  0.857872 1.161616 1.007681
4300  876  921.582863  0.843187 1.198748 1.007681
4400  702  731.413335  0.827972 1.240951 1.007681
4500  557  581.026349  0.812232 1.288564 1.007681
4600  441  461.925590  0.795974 1.342065 1.007681
4700  350  367.479285  0.779201 1.401998 1.007681
4800  280  292.497448  0.761916 1.468978 1.007681
4900  220  232.908568  0.744123 1.543702 1.007681
5000  179  185.511400  0.725822 1.626960 1.007681
5100  148  147.783741  0.707014 1.719648 1.007681
5200  122  117.734609  0.687696 1.822784 1.007681
5300  97  93.789616  0.667864 1.937523 1.007681
5400  76  74.701816  0.647509 2.065180 1.007681
5500  59  59.482173  0.626619 2.207251 1.007681
5600  43  47.345194  0.605172 2.365438 1.007681
5700  34  37.666303  0.583138 2.541685 1.007681
5800  33  29.948363  0.560471 2.738209 1.007681
5900  31  23.795310  0.537109 2.957547 1.007681
6000  25  18.891355  0.512964 3.202600 1.007681
6100  19  14.984542  0.487917 3.476697 1.007681
6200  15  11.873739  0.462221 3.783657 1.007681
6300  12  9.398312  0.436864 4.127873 1.007681
6400  9  7.429930  0.411829 4.514405 1.007681
6500  7  5.866051  0.387157 4.949091 1.007681
6600  7  4.624727  0.362876 5.438678 1.007681
6700  5  3.640471  0.338998 5.990977 1.007681
6800  3  2.860956  0.315512 6.615051 1.007681
6900  3  2.244384  0.292386 7.321435 1.007681
7000  2  1.757373  0.269557 8.122395 1.007681
7100  2  1.373279  0.246924 9.032251 1.007681
7200  2  1.070847  0.224335 10.067748 1.007681
7300  2  0.833131  0.201577 11.248514 1.007681
7400  2  0.646634  0.178355 12.597610 1.007681
7500  2  0.500614  0.154264 14.142191 1.007681
7600  2  0.386530  0.128757 15.914316 1.007681
7700  2  0.297601  0.105713 17.951922 1.007681
7800  0  0.228448  0.085529 20.300027 1.007681
7900  0  0.174813  0.068132 23.012191 1.007681
8000  0  0.133326  0.053386 26.152323 1.007681
8100  0  0.101329  0.041108 29.796898 1.007681
8200  0  0.076727  0.031074 34.037716 1.007681
8300  0  0.057872  0.023032 38.985323 1.007681
8400  0  0.043472  0.016721 44.773284 1.007681
8500  0  0.032514  0.011874 51.563548 1.007681
8600  0  0.024207  0.008237 59.553201 1.007681
8700  0  0.017936  0.005574 68.983030 1.007681
8800  0  0.013222  0.003674 80.148424 1.007681
8900  0  0.009695  0.002354 93.413337 1.007681
