STMin::Observed_Data::Expected_Bkg::Shape_Unc_down::Shap_Unc_up::Norm_Unc
2500  80681  79536.898952  0.985942 1.109629 1.015024
2600  59569  57697.926437  0.989511 1.149747 1.015024
2700  44305  42085.231628  0.987681 1.202875 1.015024
2800  32979  30853.859380  0.984528 1.269151 1.015024
2900  24846  22727.368881  0.980597 1.355223 1.015024
3000  18766  16815.638587  0.975167 1.464097 1.015024
3100  14172  12493.376334  0.967605 1.603597 1.015024
3200  10704  9318.321209  0.958493 1.783590 1.015024
3300  8008  6975.672919  0.950681 2.016889 1.015024
3400  6093  5240.022515  0.944793 2.320097 1.015024
3500  4693  3949.068656  0.940878 2.714681 1.015024
3600  3596  2985.338248  0.938711 3.228346 1.015024
3700  2782  2263.386875  0.937775 3.895741 1.015024
3800  2200  1720.778794  0.937227 4.759031 1.015024
3900  1717  1311.692121  0.935829 5.875186 1.015024
4000  1295  1002.359443  0.931855 7.317120 1.015024
4100  1000  767.799683  0.922958 9.178108 1.015024
4200  782  589.463691  0.907937 11.577091 1.015024
4300  620  453.530012  0.891305 14.664555 1.015024
4400  497  349.665692  0.873240 18.632913 1.015024
4500  408  270.121388  0.853750 23.722568 1.015024
4600  305  209.067890  0.832854 30.241804 1.015024
4700  241  162.107788  0.810585 38.581491 1.015024
4800  182  125.914714  0.786987 49.236552 1.015024
4900  139  97.965908  0.762118 62.832957 1.015024
5000  110  76.343303  0.736050 80.161566 1.015024
5100  88  59.585100  0.708869 102.220520 1.015024
5200  66  46.574687  0.680670 130.268289 1.015024
5300  41  36.457253  0.651566 165.890004 1.015024
5400  32  28.577035  0.621674 211.076850 1.015024
5500  27  22.429951  0.591127 268.312934 1.015024
5600  22  17.627765  0.560062 340.730216 1.015024
5700  18  13.870906  0.528621 432.260199 1.015024
5800  15  10.927805  0.496953 547.830337 1.015024
5900  11  8.619147  0.465205 693.611288 1.015024
6000  5  6.805852  0.433523 877.324423 1.015024
6100  5  5.379873  0.402045 1108.624049 1.015024
6200  5  4.257141  0.370902 1399.572179 1.015024
6300  5  3.372145  0.340211 1765.227913 1.015024
6400  3  2.673766  0.310069 2224.378655 1.015024
6500  3  2.122053  0.280553 2800.446760 1.015024
6600  3  1.685749  0.251708 3522.613068 1.015024
6700  3  1.340359  0.223547 4427.208400 1.015024
6800  3  1.066670  0.196042 5559.436004 1.015024
6900  3  0.849589  0.169117 6975.502476 1.015024
7000  0  0.677247  0.142637 8745.252628 1.015024
7100  0  0.540300  0.117320 10955.425786 1.015024
7200  0  0.431382  0.095252 13713.677963 1.015024
7300  0  0.344684  0.076181 17153.547545 1.015024
7400  0  0.275614  0.059971 21440.582694 1.015024
7500  0  0.220545  0.046426 26779.898509 1.015024
7600  0  0.176602  0.035312 33425.492954 1.015024
7700  0  0.141512  0.026364 41691.725277 1.015024
7800  0  0.113470  0.019300 51967.452028 1.015024
7900  0  0.091045  0.013839 64733.427626 1.015024
8000  0  0.073097  0.009708 80583.713122 1.015024
8100  0  0.058724  0.006655 100252.003887 1.015024
8200  0  0.047206  0.004452 124643.990998 1.015024
8300  0  0.037969  0.002903 154877.120209 1.015024
8400  0  0.030558  0.001842 192329.416348 1.015024
8500  0  0.024606  0.001135 238699.411633 1.015024
8600  0  0.019825  0.000679 296079.668223 1.015024
8700  0  0.015981  0.000393 367046.935743 1.015024
8800  0  0.012890  0.000220 454772.654807 1.015024
8900  0  0.010401  0.000119 563158.333411 1.015024
