STMin::Observed_Data::Expected_Bkg::Shape_Unc_down::Shap_Unc_up::Norm_Unc
2500  13194  17336.382534  0.987943 1.026956 1.041687
2600  10166  13037.462707  0.992458 1.031232 1.041687
2700  7842  9871.818399  0.992713 1.034563 1.041687
2800  6059  7521.184182  0.990831 1.036240 1.041687
2900  4672  5762.443244  0.988524 1.036104 1.041687
3000  3651  4437.427363  0.985545 1.034375 1.041687
3100  2861  3432.855332  0.981621 1.031471 1.041687
3200  2253  2666.824830  0.976529 1.027832 1.041687
3300  1771  2079.602466  0.970422 1.023929 1.041687
3400  1432  1627.271109  0.963476 1.020277 1.041687
3500  1124  1277.300595  0.955547 1.017457 1.041687
3600  871  1005.428349  0.946292 1.016139 1.041687
3700  692  793.441897  0.935234 1.016715 1.041687
3800  551  627.588676  0.921738 1.019118 1.041687
3900  428  497.426346  0.905453 1.022994 1.041687
4000  341  394.985191  0.887514 1.027863 1.041687
4100  269  314.153510  0.868799 1.034051 1.041687
4200  218  250.223583  0.849465 1.041976 1.041687
4300  163  199.554137  0.829574 1.051989 1.041687
4400  130  159.317924  0.809183 1.063941 1.041687
4500  99  127.311895  0.788347 1.078246 1.041687
4600  84  101.813687  0.767113 1.094625 1.041687
4700  63  81.472602  0.745526 1.112850 1.041687
4800  50  65.226382  0.723629 1.133067 1.041687
4900  36  52.237411  0.701461 1.155468 1.041687
5000  31  41.843604  0.679060 1.180306 1.041687
5100  27  33.520448  0.656460 1.207908 1.041687
5200  23  26.851566  0.633693 1.238707 1.041687
5300  19  21.505800  0.610791 1.273266 1.041687
5400  13  17.219319  0.587780 1.312323 1.041687
5500  12  13.781607  0.564685 1.355659 1.041687
5600  8  11.024458  0.541525 1.403640 1.041687
5700  7  8.813300  0.518317 1.456753 1.041687
5800  5  7.040357  0.495068 1.515552 1.041687
5900  4  5.619230  0.471780 1.580670 1.041687
6000  2  4.480601  0.448443 1.652831 1.041687
6100  1  3.568816  0.425032 1.732863 1.041687
6200  1  2.839171  0.401507 1.821722 1.041687
6300  1  2.255741  0.377801 1.920506 1.041687
6400  1  1.789647  0.353822 2.030487 1.041687
6500  1  1.417671  0.329433 2.153139 1.041687
6600  1  1.121146  0.304450 2.290176 1.041687
6700  1  0.885067  0.278620 2.443596 1.041687
6800  1  0.697370  0.251601 2.615740 1.041687
6900  1  0.548365  0.223793 2.809354 1.041687
7000  1  0.430268  0.197437 3.027675 1.041687
7100  1  0.336833  0.172645 3.274529 1.041687
7200  0  0.263049  0.149553 3.554458 1.041687
7300  0  0.204902  0.128267 3.872872 1.041687
7400  0  0.159175  0.108857 4.236244 1.041687
7500  0  0.123300  0.091360 4.652348 1.041687
7600  0  0.095222  0.075775 5.130566 1.041687
7700  0  0.073305  0.062069 5.682262 1.041687
7800  0  0.056243  0.050173 6.321278 1.041687
7900  0  0.043000  0.039994 7.064543 1.041687
8000  0  0.032753  0.031411 7.932881 1.041687
8100  0  0.024851  0.024287 8.952029 1.041687
8200  0  0.018777  0.018469 10.153979 1.041687
8300  0  0.014127  0.013800 11.578725 1.041687
8400  0  0.010579  0.010121 13.276559 1.041687
8500  0  0.007885  0.007278 15.311127 1.041687
8600  0  0.005847  0.005125 17.763486 1.041687
8700  0  0.004312  0.003529 20.737585 1.041687
8800  0  0.003163  0.002374 24.367670 1.041687
8900  0  0.002306  0.001558 28.828409 1.041687
