STMin::Observed_Data::Expected_Bkg::Shape_Unc_down::Shap_Unc_up::Norm_Unc
2500  8802  9183.486279  0.990448 1.009426 1.028942
2600  6749  6895.078320  0.990682 1.010504 1.028942
2700  5189  5209.182696  0.988305 1.012105 1.028942
2800  4004  3957.729056  0.985425 1.013636 1.028942
2900  3068  3022.339666  0.981700 1.015086 1.028942
3000  2376  2318.778348  0.976847 1.016530 1.028942
3100  1855  1786.537044  0.971149 1.018098 1.028942
3200  1438  1381.774016  0.965232 1.020257 1.028942
3300  1109  1072.468665  0.959179 1.023503 1.028942
3400  875  835.061089  0.952752 1.028417 1.028942
3500  682  652.097880  0.945539 1.034785 1.028942
3600  527  510.567417  0.936940 1.042815 1.028942
3700  399  400.712440  0.926133 1.053177 1.028942
3800  319  315.176173  0.914260 1.066746 1.028942
3900  249  248.383650  0.901775 1.084642 1.028942
4000  199  196.090257  0.888701 1.106857 1.028942
4100  148  155.050116  0.875057 1.133537 1.028942
4200  113  122.770973  0.860859 1.165458 1.028942
4300  87  97.331970  0.846117 1.202955 1.028942
4400  70  77.247422  0.830841 1.245307 1.028942
4500  49  61.364465  0.815037 1.293086 1.028942
4600  39  48.785768  0.798709 1.346775 1.028942
4700  29  38.810924  0.781863 1.406919 1.028942
4800  24  30.891799  0.764499 1.474134 1.028942
4900  18  24.598385  0.746620 1.549120 1.028942
5000  12  19.592584  0.728226 1.632670 1.028942
5100  10  15.608019  0.709315 1.725684 1.028942
5200  7  12.434412  0.689884 1.829181 1.028942
5300  6  9.905488  0.669925 1.944323 1.028942
5400  5  7.889551  0.649427 2.072428 1.028942
5500  4  6.282145  0.628373 2.214997 1.028942
5600  4  5.000311  0.606736 2.373740 1.028942
5700  4  3.978086  0.584481 2.550605 1.028942
5800  4  3.162964  0.561553 2.747819 1.028942
5900  4  2.513116  0.537881 2.967926 1.028942
6000  3  1.995190  0.513362 3.213839 1.028942
6100  1  1.582576  0.487862 3.488898 1.028942
6200  1  1.254032  0.462236 3.796935 1.028942
6300  1  0.992592  0.436882 4.142359 1.028942
6400  1  0.784704  0.411852 4.530247 1.028942
6500  1  0.619537  0.387187 4.966458 1.028942
6600  1  0.488435  0.362914 5.457762 1.028942
6700  1  0.384484  0.339046 6.011998 1.028942
6800  0  0.302157  0.315573 6.638261 1.028942
6900  0  0.237038  0.292464 7.347122 1.028942
7000  0  0.185603  0.269657 8.150891 1.028942
7100  0  0.145037  0.247051 9.063937 1.028942
7200  0  0.113096  0.224498 10.103063 1.028942
7300  0  0.087990  0.201786 11.287968 1.028942
7400  0  0.068294  0.178625 12.641791 1.028942
7500  0  0.052872  0.154613 14.191784 1.028942
7600  0  0.040823  0.129209 15.970116 1.028942
7700  0  0.031431  0.106084 18.014857 1.028942
7800  0  0.024127  0.085829 20.371181 1.028942
7900  0  0.018463  0.068371 23.092835 1.028942
8000  0  0.014081  0.053574 26.243948 1.028942
8100  0  0.010702  0.041252 29.901263 1.028942
8200  0  0.008103  0.031183 34.156896 1.028942
8300  0  0.006112  0.023113 39.121775 1.028942
8400  0  0.004591  0.016779 44.929925 1.028942
8500  0  0.003434  0.011916 51.743850 1.028942
8600  0  0.002557  0.008266 59.761313 1.028942
8700  0  0.001894  0.005593 69.223921 1.028942
8800  0  0.001396  0.003686 80.428066 1.028942
8900  0  0.001024  0.002362 93.738930 1.028942
