STMin::Observed_Data::Expected_Bkg::Shape_Unc_down::Shap_Unc_up::Norm_Unc
2500  8802  11402.381540  0.990898 1.023911 1.055199
2600  6749  8560.853642  0.993012 1.023935 1.055199
2700  5189  6468.201505  0.992466 1.024822 1.055199
2800  4004  4915.565514  0.990913 1.025532 1.055199
2900  3068  3755.669377  0.989152 1.025103 1.055199
3000  2376  2883.663193  0.986837 1.023720 1.055199
3100  1855  2224.236227  0.983614 1.021661 1.055199
3200  1438  1722.847120  0.979215 1.019233 1.055199
3300  1109  1339.691782  0.973812 1.016783 1.055199
3400  875  1045.512715  0.967518 1.014709 1.055199
3500  682  818.660350  0.960120 1.013479 1.055199
3600  527  643.014266  0.951256 1.013651 1.055199
3700  399  506.500603  0.940672 1.015254 1.055199
3800  319  400.026505  0.928470 1.017047 1.055199
3900  249  316.708746  0.914109 1.019155 1.055199
4000  199  251.311481  0.898041 1.021807 1.055199
4100  148  199.833809  0.881081 1.025304 1.055199
4200  113  159.205375  0.863269 1.030038 1.055199
4300  87  127.060422  0.844643 1.036288 1.055199
4400  70  101.569164  0.825242 1.043844 1.055199
4500  49  81.311289  0.805108 1.052947 1.055199
4600  39  65.180609  0.784281 1.063031 1.055199
4700  29  52.312846  0.762804 1.074018 1.055199
4800  24  42.030705  0.740723 1.085960 1.055199
4900  18  33.801930  0.718084 1.098939 1.055199
5000  12  27.207130  0.694935 1.113077 1.055199
5100  10  21.915020  0.671328 1.128550 1.055199
5200  7  17.663302  0.647315 1.145607 1.055199
5300  6  14.243837  0.622949 1.164585 1.055199
5400  5  11.491123  0.598285 1.185942 1.055199
5500  4  9.273307  0.573380 1.210287 1.055199
5600  4  7.485149  0.548289 1.237862 1.055199
5700  4  6.042514  0.523068 1.267959 1.055199
5800  4  4.878031  0.497770 1.300940 1.055199
5900  4  3.937674  0.472448 1.337065 1.055199
6000  3  3.178061  0.447147 1.376621 1.055199
6100  1  2.564313  0.421909 1.419931 1.055199
6200  1  2.068356  0.396770 1.467361 1.055199
6300  1  1.667570  0.371752 1.519318 1.055199
6400  1  1.343714  0.346867 1.576265 1.055199
6500  1  1.082060  0.322109 1.638726 1.055199
6600  1  0.870716  0.297453 1.707293 1.055199
6700  1  0.700068  0.272844 1.782642 1.055199
6800  0  0.562340  0.248196 1.865541 1.055199
6900  0  0.451242  0.223379 1.956869 1.055199
7000  0  0.361682  0.198211 2.057635 1.055199
7100  0  0.289538  0.172439 2.168994 1.055199
7200  0  0.231473  0.146668 2.292282 1.055199
7300  0  0.184783  0.123345 2.429039 1.055199
7400  0  0.147279  0.102450 2.581053 1.055199
7500  0  0.117189  0.083985 2.750405 1.055199
7600  0  0.093077  0.067898 2.939519 1.055199
7700  0  0.073784  0.054092 3.151237 1.055199
7800  0  0.058369  0.042428 3.388899 1.055199
7900  0  0.046073  0.032737 3.656444 1.055199
8000  0  0.036282  0.024824 3.958536 1.055199
8100  0  0.028500  0.018481 4.300722 1.055199
8200  0  0.022328  0.013493 4.689625 1.055199
8300  0  0.017444  0.009651 5.133186 1.055199
8400  0  0.013587  0.006753 5.640975 1.055199
8500  0  0.010549  0.004618 6.224574 1.055199
8600  0  0.008163  0.003081 6.898075 1.055199
8700  0  0.006294  0.002003 7.678710 1.055199
8800  0  0.004835  0.001267 8.587668 1.055199
8900  0  0.003699  0.000778 9.651152 1.055199
