STMin::Observed_Data::Expected_Bkg::Shape_Unc_down::Shap_Unc_up::Norm_Unc
2500  149418  149162.290794  0.988786 1.010594 1.005898
2600  112629  112118.044891  0.989459 1.011793 1.005898
2700  85654  84791.951948  0.987927 1.015339 1.005898
2800  65431  64482.024000  0.986630 1.018884 1.005898
2900  50221  49283.020024  0.984953 1.022223 1.005898
3000  38767  37837.618936  0.981913 1.025835 1.005898
3100  29861  29169.671706  0.977445 1.030094 1.005898
3200  23196  22571.032847  0.972338 1.035506 1.005898
3300  17955  17523.850085  0.966483 1.042709 1.005898
3400  14044  13646.619948  0.959418 1.050808 1.005898
3500  11011  10656.361668  0.950463 1.060362 1.005898
3600  8686  8341.843512  0.938685 1.072348 1.005898
3700  6874  6544.465902  0.923965 1.088111 1.005898
3800  5442  5144.499957  0.906937 1.109117 1.005898
3900  4346  4051.105508  0.887183 1.135259 1.005898
4000  3451  3195.038857  0.864139 1.166043 1.005898
4100  2721  2523.289910  0.837089 1.201304 1.005898
4200  2175  1995.113504  0.805895 1.241419 1.005898
4300  1730  1579.075245  0.772544 1.286809 1.005898
4400  1426  1250.840414  0.737370 1.337947 1.005898
4500  1145  991.510484  0.700712 1.395369 1.005898
4600  915  786.365555  0.662926 1.459680 1.005898
4700  741  623.909339  0.624369 1.531567 1.005898
4800  601  495.140788  0.585400 1.611810 1.005898
4900  490  392.996373  0.546366 1.701295 1.005898
5000  391  311.921403  0.507598 1.801031 1.005898
5100  323  247.539384  0.469406 1.912166 1.005898
5200  279  196.396137  0.432075 2.036009 1.005898
5300  229  155.761165  0.395856 2.174057 1.005898
5400  192  123.473017  0.360972 2.328015 1.005898
5500  160  97.818567  0.327608 2.499839 1.005898
5600  140  77.438548  0.295916 2.691768 1.005898
5700  118  61.253436  0.266014 2.906371 1.005898
5800  103  48.405197  0.237984 3.146602 1.005898
5900  91  38.211388  0.211878 3.415859 1.005898
6000  87  30.128941  0.187717 3.718061 1.005898
6100  81  23.725528  0.165496 4.057737 1.005898
6200  70  18.656890  0.145183 4.440125 1.005898
6300  67  14.648860  0.126728 4.871299 1.005898
6400  59  11.483094  0.110063 5.358317 1.005898
6500  56  8.985721  0.095103 5.909395 1.005898
6600  53  7.018324  0.081755 6.534118 1.005898
6700  53  5.470749  0.069916 7.243692 1.005898
6800  53  4.255379  0.059477 8.051250 1.005898
6900  52  3.302566  0.050327 8.972216 1.005898
7000  47  2.556990  0.042356 10.024753 1.005898
7100  42  1.974745  0.035452 11.230299 1.005898
7200  40  1.521024  0.029509 12.614226 1.005898
7300  38  1.168263  0.024423 14.206638 1.005898
7400  36  0.894661  0.020098 16.043357 1.005898
7500  35  0.683001  0.016442 18.167131 1.005898
7600  35  0.519706  0.013371 20.629123 1.005898
7700  33  0.394087  0.010808 23.490759 1.005898
7800  29  0.297748  0.008682 26.826027 1.005898
7900  29  0.224101  0.006929 30.724344 1.005898
8000  28  0.167994  0.005495 35.294156 1.005898
8100  26  0.125403  0.004328 40.667476 1.005898
8200  23  0.093194  0.003386 47.005628 1.005898
8300  23  0.068935  0.002630 54.506560 1.005898
8400  23  0.050741  0.002028 63.414214 1.005898
8500  22  0.037155  0.001553 74.030586 1.005898
8600  22  0.027060  0.001179 86.731368 1.005898
8700  22  0.019594  0.000889 101.986367 1.005898
8800  18  0.014103  0.000664 120.386366 1.005898
8900  18  0.010086  0.000492 142.678747 1.005898
