STMin::Observed_Data::Expected_Bkg::Shape_Unc_down::Shap_Unc_up::Norm_Unc
2500  1161  1612.596435  0.988129 1.100131 1.252424
2600  936  1212.719311  0.992705 1.104268 1.252424
2700  734  918.257262  0.993038 1.107259 1.252424
2800  585  699.605859  0.991257 1.108311 1.252424
2900  450  536.011213  0.989079 1.107207 1.252424
3000  364  412.760824  0.986264 1.104128 1.252424
3100  297  319.317497  0.982550 1.099457 1.252424
3200  235  248.062836  0.977723 1.093578 1.252424
3300  184  193.440559  0.971954 1.086891 1.252424
3400  144  151.365580  0.965433 1.079817 1.252424
3500  117  118.812006  0.958041 1.072817 1.252424
3600  93  93.522981  0.949461 1.066403 1.252424
3700  72  73.804415  0.939250 1.060746 1.252424
3800  60  58.377073  0.926815 1.055459 1.252424
3900  45  46.269627  0.911387 1.051088 1.252424
4000  33  36.740751  0.894600 1.048159 1.252424
4100  25  29.221946  0.877034 1.047316 1.252424
4200  24  23.275309  0.858759 1.049348 1.252424
4300  15  18.562136  0.839840 1.054767 1.252424
4400  11  14.819442  0.820337 1.064199 1.252424
4500  9  11.842304  0.800305 1.078245 1.252424
4600  9  9.470510  0.779795 1.094624 1.252424
4700  7  7.578422  0.758854 1.112849 1.252424
4800  6  6.067231  0.737527 1.133066 1.252424
4900  6  4.859022  0.715856 1.155467 1.252424
5000  5  3.892210  0.693882 1.180304 1.252424
5100  4  3.118007  0.671642 1.207907 1.252424
5200  3  2.497680  0.649173 1.238705 1.252424
5300  1  2.000427  0.626507 1.273264 1.252424
5400  1  1.601707  0.603676 1.312320 1.252424
5500  1  1.281938  0.580709 1.355657 1.252424
5600  0  1.025474  0.557631 1.403638 1.252424
5700  0  0.819796  0.534461 1.456750 1.252424
5800  0  0.654880  0.511216 1.515549 1.252424
5900  0  0.522690  0.487902 1.580667 1.252424
6000  0  0.416777  0.464518 1.652828 1.252424
6100  0  0.331964  0.441051 1.732860 1.252424
6200  0  0.264094  0.417470 1.821719 1.252424
6300  0  0.209825  0.393726 1.920503 1.252424
6400  0  0.166469  0.369742 2.030484 1.252424
6500  0  0.131869  0.345407 2.153135 1.252424
6600  0  0.104287  0.320563 2.290172 1.252424
6700  0  0.082327  0.294994 2.443592 1.252424
6800  0  0.064868  0.268405 2.615736 1.252424
6900  0  0.051008  0.240398 2.809350 1.252424
7000  0  0.040023  0.211767 3.027670 1.252424
7100  0  0.031332  0.185175 3.274523 1.252424
7200  0  0.024468  0.160408 3.554451 1.252424
7300  0  0.019060  0.137577 3.872865 1.252424
7400  0  0.014806  0.116758 4.236236 1.252424
7500  0  0.011469  0.097991 4.652340 1.252424
7600  0  0.008857  0.081275 5.130557 1.252424
7700  0  0.006819  0.066574 5.682252 1.252424
7800  0  0.005232  0.053815 6.321266 1.252424
7900  0  0.004000  0.042897 7.064531 1.252424
8000  0  0.003047  0.033691 7.932867 1.252424
8100  0  0.002312  0.026050 8.952013 1.252424
8200  0  0.001747  0.019809 10.153961 1.252424
8300  0  0.001314  0.014801 11.578704 1.252424
8400  0  0.000984  0.010855 13.276536 1.252424
8500  0  0.000733  0.007806 15.311100 1.252424
8600  0  0.000544  0.005497 17.763455 1.252424
8700  0  0.000401  0.003786 20.737549 1.252424
8800  0  0.000294  0.002547 24.367627 1.252424
8900  0  0.000214  0.001671 28.828359 1.252424
