STMin::Observed_Data::Expected_Bkg::Shape_Unc_down::Shap_Unc_up::Norm_Unc
2500  45837  46991.964035  0.988206 1.008578 1.016230
2600  34796  35300.454128  0.991102 1.010849 1.016230
2700  26532  26695.119939  0.991026 1.014007 1.016230
2800  20297  20310.040864  0.989669 1.016794 1.016230
2900  15661  15537.380386  0.987878 1.018283 1.016230
3000  12073  11945.873169  0.985447 1.018573 1.016230
3100  9279  9226.501432  0.982159 1.017976 1.016230
3200  7210  7155.818972  0.977890 1.016815 1.016230
3300  5556  5570.890628  0.972881 1.015433 1.016230
3400  4365  4351.976524  0.967464 1.014209 1.016230
3500  3424  3410.442868  0.961551 1.013572 1.016230
3600  2648  2680.239736  0.954967 1.014017 1.016230
3700  2080  2111.838918  0.947446 1.016128 1.016230
3800  1644  1667.885145  0.938618 1.019025 1.016230
3900  1282  1320.051681  0.927989 1.022587 1.016230
4000  993  1046.749837  0.915551 1.027073 1.016230
4100  780  831.448865  0.902540 1.032815 1.016230
4200  605  661.435495  0.888886 1.040238 1.016230
4300  472  526.892438  0.874608 1.049658 1.016230
4400  373  420.209847  0.859721 1.060904 1.016230
4500  294  335.468061  0.844235 1.074273 1.016230
4600  231  268.046999  0.828160 1.089238 1.016230
4700  178  214.329786  0.811498 1.105761 1.016230
4800  143  171.476834  0.794250 1.123943 1.016230
4900  117  137.252894  0.776412 1.143921 1.016230
5000  90  109.894119  0.757975 1.165879 1.016230
5100  72  88.005492  0.738927 1.190064 1.016230
5200  63  70.481393  0.719307 1.216807 1.016230
5300  51  56.443881  0.699264 1.246546 1.016230
5400  39  45.194576  0.678809 1.279865 1.016230
5500  29  36.177051  0.657961 1.317532 1.016230
5600  22  28.947326  0.636737 1.360321 1.016230
5700  19  23.150684  0.615154 1.407811 1.016230
5800  15  18.503392  0.593228 1.460302 1.016230
5900  12  14.778262  0.570969 1.518330 1.016230
6000  10  11.793217  0.548384 1.582504 1.016230
6100  8  9.402225  0.525473 1.653523 1.016230
6200  5  7.488083  0.502225 1.732185 1.016230
6300  5  5.956681  0.478619 1.819408 1.016230
6400  3  4.732419  0.454614 1.916247 1.016230
6500  3  3.754554  0.430146 2.023921 1.016230
6600  2  2.974267  0.405120 2.143842 1.016230
6700  2  2.352325  0.379400 2.277651 1.016230
6800  2  1.857202  0.352794 2.427256 1.016230
6900  2  1.463566  0.325038 2.594890 1.016230
7000  0  1.151073  0.295773 2.783170 1.016230
7100  0  0.903391  0.264509 2.995176 1.016230
7200  0  0.707412  0.231338 3.234544 1.016230
7300  0  0.552631  0.199779 3.505585 1.016230
7400  0  0.430628  0.170571 3.813428 1.016230
7500  0  0.334665  0.143886 4.164197 1.016230
7600  0  0.259355  0.119832 4.565242 1.016230
7700  0  0.200394  0.098454 5.025418 1.016230
7800  0  0.154351  0.079736 5.555438 1.016230
7900  0  0.118494  0.063600 6.168331 1.016230
8000  0  0.090649  0.049917 6.880015 1.016230
8100  0  0.069092  0.038513 7.710037 1.016230
8200  0  0.052458  0.029181 8.682528 1.016230
8300  0  0.039665  0.021689 9.827445 1.016230
8400  0  0.029863  0.015795 11.182185 1.016230
8500  0  0.022382  0.011256 12.793719 1.016230
8600  0  0.016694  0.007840 14.721414 1.016230
8700  0  0.012389  0.005329 17.040789 1.016230
8800  0  0.009145  0.003530 19.848575 1.016230
8900  0  0.006712  0.002275 23.269564 1.016230
