STMin::Observed_Data::Expected_Bkg::Shape_Unc_down::Shap_Unc_up::Norm_Unc
2500  86671  88987.686625  0.977551 1.011347 1.011826
2600  65734  66899.700227  0.981898 1.013940 1.011826
2700  50116  50615.618206  0.982694 1.017978 1.011826
2800  38313  38519.139881  0.981792 1.021921 1.011826
2900  29593  29470.634377  0.980530 1.024266 1.011826
3000  22787  22658.589998  0.978615 1.025073 1.011826
3100  17491  17499.840807  0.975742 1.024681 1.011826
3200  13554  13571.750875  0.971690 1.023460 1.011826
3300  10446  10565.606884  0.966600 1.021825 1.011826
3400  8219  8254.254556  0.960676 1.020251 1.011826
3500  6496  6469.408609  0.953739 1.019287 1.011826
3600  4996  5085.601124  0.945481 1.019579 1.011826
3700  3916  4008.730132  0.935478 1.021898 1.011826
3800  3114  3167.825307  0.923177 1.025720 1.011826
3900  2398  2509.082888  0.907866 1.030262 1.011826
4000  1855  1991.514258  0.890825 1.035813 1.011826
4100  1440  1583.750739  0.872643 1.042748 1.011826
4200  1119  1261.682838  0.853354 1.051550 1.011826
4300  884  1006.705799  0.832983 1.062534 1.011826
4400  707  804.408555  0.811544 1.075562 1.011826
4500  554  643.588890  0.789243 1.091051 1.011826
4600  431  515.510001  0.766290 1.108490 1.011826
4700  338  413.336663  0.742755 1.127711 1.011826
4800  273  331.705724  0.718710 1.148800 1.011826
4900  225  266.397544  0.694226 1.171842 1.011826
5000  176  214.083673  0.669375 1.196932 1.011826
5100  144  172.132336  0.644228 1.224174 1.011826
5200  129  138.457950  0.618855 1.253684 1.011826
5300  103  111.404324  0.593328 1.285590 1.011826
5400  79  89.653693  0.567717 1.320036 1.011826
5500  63  72.155676  0.542093 1.357183 1.011826
5600  48  58.071621  0.516525 1.397212 1.011826
5700  39  46.730895  0.491081 1.440324 1.011826
5800  29  37.596465  0.465828 1.486751 1.011826
5900  22  30.237724  0.440832 1.536755 1.011826
6000  16  24.308993  0.416156 1.590634 1.011826
6100  14  19.532479  0.391860 1.648733 1.011826
6200  9  15.684726  0.368001 1.711448 1.011826
6300  9  12.585841  0.344632 1.779244 1.011826
6400  7  10.090890  0.321801 1.852660 1.011826
6500  7  8.083037  0.299552 1.932337 1.011826
6600  4  6.468042  0.277919 2.019034 1.011826
6700  4  5.169862  0.256933 2.113659 1.011826
6800  4  4.127117  0.236612 2.217309 1.011826
6900  4  3.290254  0.216967 2.331316 1.011826
7000  0  2.619260  0.197994 2.457310 1.011826
7100  0  2.081830  0.179675 2.597301 1.011826
7200  0  1.651881  0.161974 2.753789 1.011826
7300  0  1.308359  0.144833 2.929898 1.011826
7400  0  1.034275  0.128167 3.129569 1.011826
7500  0  0.815925  0.111855 3.357798 1.011826
7600  0  0.642262  0.095736 3.620968 1.011826
7700  0  0.504384  0.079590 3.923418 1.011826
7800  0  0.395126  0.063674 4.264287 1.011826
7900  0  0.308724  0.050006 4.650897 1.011826
8000  0  0.240545  0.038615 5.090714 1.011826
8100  0  0.186871  0.029293 5.592629 1.011826
8200  0  0.144721  0.021805 6.167278 1.011826
8300  0  0.111709  0.015910 6.827417 1.011826
8400  0  0.085926  0.011365 7.588406 1.011826
8500  0  0.065850  0.007939 8.468801 1.011826
8600  0  0.050267  0.005414 9.491095 1.011826
8700  0  0.038213  0.003601 10.682652 1.011826
8800  0  0.028922  0.002331 12.076876 1.011826
8900  0  0.021788  0.001467 13.714674 1.011826
9000  0  0.016333  0.000896 15.646305 1.011826
9100  0  0.012180  0.000529 17.933711 1.011826
9200  0  0.009032  0.000303 20.653432 1.011826
9300  0  0.006658  0.000167 23.900289 1.011826
9400  0  0.004877  0.000088 27.791977 1.011826
9500  0  0.003548  0.000045 32.474790 1.011826
9600  0  0.002562  0.000022 38.130683 1.011826
9700  0  0.001836  0.000010 44.985878 1.011826
9800  0  0.001304  0.000004 53.321150 1.011826
9900  0  0.000917  0.000002 63.483786 1.011826
