STMin::Observed_Data::Expected_Bkg::Shape_Unc_down::Shap_Unc_up::Norm_Unc
2500  69164  69394.627735  0.976896 1.103977 1.019171
2600  51099  50340.485723  0.983203 1.141955 1.019171
2700  38200  36718.667944  0.984880 1.192191 1.019171
2800  28488  26919.481575  0.983967 1.254575 1.019171
2900  21525  19829.253135  0.980602 1.337231 1.019171
3000  16355  14671.366312  0.975171 1.446584 1.019171
3100  12382  10900.264045  0.967610 1.585843 1.019171
3200  9386  8130.081005  0.958499 1.765595 1.019171
3300  7018  6086.159151  0.950686 1.998648 1.019171
3400  5384  4571.832904  0.944798 2.301597 1.019171
3500  4154  3445.497032  0.940883 2.695902 1.019171
3600  3187  2604.658204  0.938715 3.209253 1.019171
3700  2484  1974.767582  0.937779 3.876302 1.019171
3800  1966  1501.351013  0.937231 4.739251 1.019171
3900  1512  1144.429663  0.935832 5.855071 1.019171
4000  1127  874.542022  0.931857 7.296681 1.019171
4100  868  669.892514  0.922958 9.157361 1.019171
4200  677  514.297313  0.907937 11.556054 1.019171
4300  536  395.697428  0.891304 14.643275 1.019171
4400  427  305.077528  0.873240 18.611456 1.019171
4500  348  235.676439  0.853750 23.701089 1.019171
4600  259  182.408273  0.832854 30.220525 1.019171
4700  206  141.436362  0.810585 38.560720 1.019171
4800  157  109.858504  0.786987 49.216702 1.019171
4900  123  85.473633  0.762118 62.814582 1.019171
5000  94  66.608268  0.736050 80.145396 1.019171
5100  73  51.987014  0.708868 102.207511 1.019171
5200  56  40.635643  0.680670 130.259682 1.019171
5300  35  31.808350  0.651565 165.887401 1.019171
5400  26  24.932990  0.621674 211.078139 1.019171
5500  23  19.569761  0.591127 268.314573 1.019171
5600  19  15.379933  0.560061 340.732297 1.019171
5700  15  12.102136  0.528621 432.262838 1.019171
5800  15  9.534329  0.496953 547.833682 1.019171
5900  11  7.520063  0.465205 693.615523 1.019171
6000  5  5.937994  0.433523 877.329780 1.019171
6100  5  4.693851  0.402045 1108.630819 1.019171
6200  5  3.714285  0.370902 1399.580725 1.019171
6300  5  2.942141  0.340211 1765.238692 1.019171
6400  3  2.332816  0.310069 2224.392237 1.019171
6500  3  1.851456  0.280553 2800.463861 1.019171
6600  3  1.470788  0.251708 3522.634578 1.019171
6700  3  1.169441  0.223547 4427.235434 1.019171
6800  3  0.930652  0.196042 5559.469952 1.019171
6900  3  0.741252  0.169117 6975.545070 1.019171
7000  0  0.590887  0.142637 8745.306029 1.019171
7100  0  0.471402  0.117320 10955.492683 1.019171
7200  0  0.376374  0.095252 13713.761703 1.019171
7300  0  0.300731  0.076181 17153.652290 1.019171
7400  0  0.240469  0.059970 21440.713616 1.019171
7500  0  0.192421  0.046426 26780.062034 1.019171
7600  0  0.154083  0.035312 33425.697059 1.019171
7700  0  0.123467  0.026364 41691.979858 1.019171
7800  0  0.099001  0.019300 51967.769356 1.019171
7900  0  0.079435  0.013839 64733.822906 1.019171
8000  0  0.063776  0.009708 80584.205188 1.019171
8100  0  0.051236  0.006655 100252.616053 1.019171
8200  0  0.041186  0.004452 124644.752108 1.019171
8300  0  0.033128  0.002903 154878.065930 1.019171
8400  0  0.026661  0.001842 192330.590763 1.019171
8500  0  0.021469  0.001135 238700.869196 1.019171
8600  0  0.017297  0.000679 296081.476165 1.019171
8700  0  0.013944  0.000393 367049.177031 1.019171
8800  0  0.011246  0.000220 454775.431771 1.019171
8900  0  0.009075  0.000119 563161.772207 1.019171
