STMin::Observed_Data::Expected_Bkg::Shape_Unc_down::Shap_Unc_up::Norm_Unc
2500  109196  110404.254176  0.986713 1.012783 1.009653
2600  82480  82958.860083  0.990957 1.016410 1.009653
2700  62827  62790.536995  0.990805 1.020879 1.009653
2800  47947  47840.224449  0.988408 1.024122 1.009653
2900  36750  36669.385072  0.985471 1.025857 1.009653
3000  28219  28261.524719  0.981683 1.026395 1.009653
3100  21732  21890.814349  0.976704 1.025724 1.009653
3200  16841  17033.939196  0.970299 1.024223 1.009653
3300  13070  13310.203170  0.962723 1.022355 1.009653
3400  10202  10440.353239  0.954190 1.020634 1.009653
3500  7998  8217.963307  0.944429 1.019636 1.009653
3600  6282  6489.343780  0.933018 1.020025 1.009653
3700  4929  5139.302370  0.919640 1.022574 1.009653
3800  3843  4080.962035  0.904760 1.027296 1.009653
3900  3002  3248.419246  0.888088 1.032818 1.009653
4000  2361  2591.408794  0.869620 1.039699 1.009653
4100  1861  2071.398179  0.850416 1.048362 1.009653
4200  1460  1658.708723  0.830533 1.059338 1.009653
4300  1153  1330.379671  0.810037 1.073039 1.009653
4400  926  1068.573774  0.788994 1.089395 1.009653
4500  724  859.380197  0.767461 1.109057 1.009653
4600  576  691.910815  0.745497 1.131167 1.009653
4700  462  557.614464  0.723152 1.155740 1.009653
4800  369  449.754049  0.700479 1.182914 1.009653
4900  293  363.005983  0.677525 1.212838 1.009653
5000  247  293.152001  0.654337 1.245677 1.009653
5100  196  236.841066  0.630960 1.281612 1.009653
5200  158  191.404712  0.607438 1.320845 1.009653
5300  133  154.713291  0.583812 1.363598 1.009653
5400  110  125.063681  0.560120 1.410117 1.009653
5500  93  101.091277  0.536402 1.460677 1.009653
5600  79  81.700795  0.512690 1.515581 1.009653
5700  63  66.011712  0.489016 1.575165 1.009653
5800  50  53.315123  0.465407 1.639804 1.009653
5900  37  43.039534  0.441885 1.709916 1.009653
6000  30  34.723681  0.418462 1.785967 1.009653
6100  26  27.994871  0.395146 1.868477 1.009653
6200  22  22.551695  0.371930 1.958030 1.009653
6300  18  18.150194  0.348795 2.055279 1.009653
6400  12  14.592772  0.325702 2.160963 1.009653
6500  12  11.719293  0.302590 2.275913 1.009653
6600  11  9.399924  0.279369 2.401075 1.009653
6700  10  7.529358  0.255911 2.537521 1.009653
6800  8  6.022169  0.232038 2.686479 1.009653
6900  7  4.809047  0.207512 2.849356 1.009653
7000  6  3.833757  0.182015 3.027778 1.009653
7100  6  3.050682  0.157680 3.223631 1.009653
7200  4  2.422825  0.135217 3.439115 1.009653
7300  3  1.920189  0.114712 3.676818 1.009653
7400  2  1.518466  0.096213 3.939802 1.009653
7500  2  1.197969  0.079730 4.231718 1.009653
7600  2  0.942767  0.065232 4.556956 1.009653
7700  2  0.739973  0.052654 4.920839 1.009653
7800  2  0.579181  0.041898 5.329880 1.009653
7900  2  0.451991  0.032839 5.792122 1.009653
8000  2  0.351632  0.025329 6.317591 1.009653
8100  2  0.272655  0.019208 6.918914 1.009653
8200  2  0.210681  0.014307 7.612151 1.009653
8300  2  0.162196  0.010456 8.417936 1.009653
8400  2  0.124384  0.007489 9.363061 1.009653
8500  2  0.094997  0.005251 10.482665 1.009653
8600  2  0.072239  0.003599 11.823318 1.009653
8700  1  0.054682  0.002408 13.447379 1.009653
8800  1  0.041192  0.001571 15.439210 1.009653
8900  1  0.030872  0.000998 17.861056 1.009653
