STMin::Observed_Data::Expected_Bkg::Shape_Unc_down::Shap_Unc_up::Norm_Unc
2500  46769  50882.789724  0.938918 1.023112 1.026845
2600  34792  36911.565516  0.947858 1.030483 1.026845
2700  26072  26923.528785  0.953412 1.039365 1.026845
2800  19495  19738.391310  0.957863 1.046120 1.026845
2900  14867  14539.565189  0.961786 1.054242 1.026845
3000  11295  10757.605697  0.964053 1.066851 1.026845
3100  8571  7992.489574  0.963325 1.086248 1.026845
3200  6538  5961.285633  0.958414 1.111802 1.026845
3300  4882  4462.604114  0.950682 1.142132 1.026845
3400  3782  3352.242309  0.944795 1.178179 1.026845
3500  2939  2526.369856  0.940880 1.221995 1.026845
3600  2251  1909.834733  0.938712 1.276241 1.026845
3700  1745  1447.974886  0.937776 1.343406 1.026845
3800  1362  1100.847788  0.937228 1.424479 1.026845
3900  1035  839.139431  0.935831 1.523450 1.026845
4000  772  641.247511  0.931856 1.645396 1.026845
4100  595  491.190680  0.922958 1.796870 1.026845
4200  466  377.102340  0.907937 1.986122 1.026845
4300  369  290.140377  0.891305 2.222623 1.026845
4400  290  223.694408  0.873240 2.519237 1.026845
4500  227  172.806881  0.853751 2.888394 1.026845
4600  166  133.748628  0.832855 3.348768 1.026845
4700  130  103.706459  0.810586 3.924018 1.026845
4800  106  80.552368  0.786988 4.644013 1.026845
4900  87  62.672450  0.762119 5.546441 1.026845
5000  67  48.839644  0.736052 6.678813 1.026845
5100  55  38.118783  0.708870 8.100986 1.026845
5200  44  29.795525  0.680672 9.888311 1.026845
5300  33  23.323016  0.651568 12.124969 1.026845
5400  25  18.281740  0.621677 14.913462 1.026845
5500  22  14.349216  0.591131 18.389627 1.026845
5600  18  11.277074  0.560066 22.722405 1.026845
5700  15  8.873668  0.528626 28.121765 1.026845
5800  15  6.990854  0.496959 34.848483 1.026845
5900  11  5.513917  0.465212 43.226215 1.026845
6000  5  4.353883  0.433531 53.656368 1.026845
6100  5  3.441630  0.402055 66.636416 1.026845
6200  5  2.723375  0.370913 82.782441 1.026845
6300  5  2.157210  0.340224 102.856830 1.026845
6400  3  1.710430  0.310084 127.802305 1.026845
6500  3  1.357478  0.280569 158.783655 1.026845
6600  3  1.078358  0.251726 197.238906 1.026845
6700  3  0.857399  0.223568 244.941951 1.026845
6800  3  0.682309  0.196065 304.079164 1.026845
6900  3  0.543434  0.169142 377.342982 1.026845
7000  0  0.433180  0.142663 468.046086 1.026845
7100  0  0.345570  0.117348 580.260547 1.026845
7200  0  0.275892  0.095280 718.987148 1.026845
7300  0  0.220427  0.076209 890.361149 1.026845
7400  0  0.176241  0.059998 1101.901952 1.026845
7500  0  0.141011  0.046453 1362.815552 1.026845
7600  0  0.112899  0.035337 1684.360309 1.026845
7700  0  0.090451  0.026387 2080.288487 1.026845
7800  0  0.072511  0.019321 2567.378234 1.026845
7900  0  0.058164  0.013858 3166.073195 1.026845
8000  0  0.046683  0.009725 3901.249844 1.026845
8100  0  0.037488  0.006670 4803.135868 1.026845
8200  0  0.030119  0.004464 5908.406603 1.026845
8300  0  0.024210  0.002912 7261.490545 1.026845
8400  0  0.019469  0.001849 8916.119428 1.026845
8500  0  0.015661  0.001141 10937.163198 1.026845
8600  0  0.012603  0.000683 13402.795455 1.026845
8700  0  0.010144  0.000396 16407.040497 1.026845
8800  0  0.008166  0.000222 20062.759043 1.026845
8900  0  0.006574  0.000120 24505.136010 1.026845
9000  0  0.005292  0.000063 29895.740336 1.026845
9100  0  0.004259  0.000031 36427.234047 1.026845
9200  0  0.003427  0.000015 44328.815633 1.026845
9300  0  0.002755  0.000007 53872.491816 1.026845
9400  0  0.002213  0.000003 65380.282575 1.026845
9500  0  0.001775  0.000001 79232.477855 1.026845
9600  0  0.001422  0.000000 95877.081998 1.026845
9700  0  0.001136  0.000000 115840.605747 1.026845
9800  0  0.000905  0.000000 139740.397916 1.026845
9900  0  0.000719  0.000000 168298.753025 1.026845
