STMin::Observed_Data::Expected_Bkg::Shape_Unc_down::Shap_Unc_up::Norm_Unc
2500  286  604.723663  0.988127 1.100130 1.409737
2600  240  454.769742  0.992703 1.104267 1.409737
2700  192  344.346473  0.993037 1.107259 1.409737
2800  164  262.352197  0.991256 1.108310 1.409737
2900  129  201.004205  0.989078 1.107206 1.409737
3000  103  154.785309  0.986263 1.104127 1.409737
3100  89  119.744061  0.982550 1.099456 1.409737
3200  79  93.023563  0.977723 1.093577 1.409737
3300  62  72.540210  0.971954 1.086890 1.409737
3400  49  56.762092  0.965434 1.079817 1.409737
3500  43  44.554502  0.958041 1.072817 1.409737
3600  32  35.071118  0.949461 1.066404 1.409737
3700  26  27.676656  0.939249 1.060748 1.409737
3800  20  21.891402  0.926813 1.055460 1.409737
3900  14  17.351110  0.911385 1.051089 1.409737
4000  13  13.777782  0.894598 1.048160 1.409737
4100  10  10.958230  0.877032 1.047317 1.409737
4200  10  8.728241  0.858757 1.049349 1.409737
4300  8  6.960801  0.839838 1.054769 1.409737
4400  6  5.557291  0.820335 1.064200 1.409737
4500  4  4.440864  0.800303 1.078246 1.409737
4600  4  3.551441  0.779793 1.094626 1.409737
4700  2  2.841908  0.758852 1.112850 1.409737
4800  2  2.275211  0.737525 1.133067 1.409737
4900  2  1.822133  0.715854 1.155469 1.409737
5000  2  1.459579  0.693880 1.180306 1.409737
5100  2  1.169252  0.671640 1.207909 1.409737
5200  1  0.936630  0.649171 1.238707 1.409737
5300  1  0.750160  0.626505 1.273266 1.409737
5400  1  0.600640  0.603675 1.312323 1.409737
5500  1  0.480727  0.580708 1.355659 1.409737
5600  0  0.384553  0.557629 1.403640 1.409737
5700  0  0.307423  0.534460 1.456753 1.409737
5800  0  0.245580  0.511214 1.515552 1.409737
5900  0  0.196009  0.487901 1.580670 1.409737
6000  0  0.156291  0.464517 1.652831 1.409737
6100  0  0.124487  0.441050 1.732864 1.409737
6200  0  0.099035  0.417469 1.821722 1.409737
6300  0  0.078684  0.393725 1.920506 1.409737
6400  0  0.062426  0.369742 2.030488 1.409737
6500  0  0.049451  0.345406 2.153140 1.409737
6600  0  0.039108  0.320563 2.290176 1.409737
6700  0  0.030873  0.294994 2.443597 1.409737
6800  0  0.024325  0.268405 2.615741 1.409737
6900  0  0.019128  0.240398 2.809355 1.409737
7000  0  0.015009  0.211767 3.027676 1.409737
7100  0  0.011749  0.185176 3.274530 1.409737
7200  0  0.009176  0.160408 3.554458 1.409737
7300  0  0.007147  0.137577 3.872872 1.409737
7400  0  0.005552  0.116759 4.236244 1.409737
7500  0  0.004301  0.097991 4.652349 1.409737
7600  0  0.003322  0.081275 5.130567 1.409737
7700  0  0.002557  0.066574 5.682263 1.409737
7800  0  0.001962  0.053815 6.321279 1.409737
7900  0  0.001500  0.042897 7.064545 1.409737
8000  0  0.001142  0.033691 7.932883 1.409737
8100  0  0.000867  0.026050 8.952031 1.409737
8200  0  0.000655  0.019809 10.153981 1.409737
8300  0  0.000493  0.014801 11.578727 1.409737
8400  0  0.000369  0.010855 13.276562 1.409737
8500  0  0.000275  0.007806 15.311129 1.409737
8600  0  0.000204  0.005497 17.763489 1.409737
8700  0  0.000150  0.003786 20.737589 1.409737
8800  0  0.000110  0.002547 24.367674 1.409737
8900  0  0.000080  0.001671 28.828414 1.409737
