STMin::Observed_Data::Expected_Bkg::Shape_Unc_down::Shap_Unc_up::Norm_Unc
2500  63080  63571.626400  0.993207 1.008624 1.019824
2600  46844  46575.026420  0.995845 1.011003 1.019824
2700  34826  34337.929027  0.995473 1.014559 1.019824
2800  25979  25461.812494  0.994642 1.017525 1.019824
2900  19504  18979.544866  0.993690 1.019314 1.019824
3000  14668  14215.797635  0.992316 1.020040 1.019824
3100  11120  10694.764132  0.990211 1.019950 1.019824
3200  8495  8078.427761  0.987233 1.019308 1.019824
3300  6459  6124.812727  0.983766 1.018414 1.019824
3400  4927  4659.460885  0.980000 1.017619 1.019824
3500  3772  3555.759737  0.975761 1.017341 1.019824
3600  2891  2721.254905  0.970805 1.017896 1.019824
3700  2212  2088.047889  0.964776 1.018625 1.019824
3800  1713  1606.007771  0.957187 1.019578 1.019824
3900  1321  1237.937546  0.947387 1.021033 1.019824
4000  1028  956.108933  0.935523 1.023365 1.019824
4100  793  739.762447  0.922230 1.027069 1.019824
4200  612  573.293069  0.908127 1.032588 1.019824
4300  479  444.926100  0.893159 1.039790 1.019824
4400  380  345.745658  0.877348 1.049202 1.019824
4500  296  268.978357  0.860713 1.060819 1.019824
4600  240  209.462674  0.843276 1.073999 1.019824
4700  182  163.254121  0.825061 1.088893 1.019824
4800  143  127.330261  0.806091 1.105758 1.019824
4900  114  99.369438  0.786395 1.124941 1.019824
5000  78  77.584200  0.766000 1.146558 1.019824
5100  61  60.595455  0.744940 1.170650 1.019824
5200  46  47.337086  0.723247 1.197431 1.019824
5300  36  36.983436  0.700958 1.227138 1.019824
5400  25  28.894007  0.678111 1.260038 1.019824
5500  21  22.571186  0.654745 1.296430 1.019824
5600  13  17.627838  0.630902 1.336650 1.019824
5700  7  13.762402  0.606621 1.381078 1.019824
5800  5  10.739715  0.581940 1.430144 1.019824
5900  5  8.376212  0.556896 1.484334 1.019824
6000  4  6.528479  0.531519 1.544204 1.019824
6100  4  5.084390  0.505831 1.610385 1.019824
6200  3  3.956225  0.479841 1.683598 1.019824
6300  3  3.075325  0.453543 1.764672 1.019824
6400  0  2.387926  0.426906 1.854557 1.019824
6500  0  1.851919  0.399867 1.954349 1.019824
6600  0  1.434318  0.372321 2.065312 1.019824
6700  0  1.109279  0.344105 2.188914 1.019824
6800  0  0.856559  0.314977 2.326860 1.019824
6900  0  0.660301  0.284592 2.481136 1.019824
7000  0  0.508091  0.252468 2.654069 1.019824
7100  0  0.390213  0.219204 2.848388 1.019824
7200  0  0.299065  0.188267 3.067310 1.019824
7300  0  0.228704  0.159837 3.314634 1.019824
7400  0  0.174488  0.134049 3.594875 1.019824
7500  0  0.132794  0.110974 3.913407 1.019824
7600  0  0.100797  0.090621 4.276663 1.019824
7700  0  0.076297  0.072935 4.692371 1.019824
7800  0  0.057582  0.057807 5.169859 1.019824
7900  0  0.043322  0.045078 5.720435 1.019824
8000  0  0.032486  0.034553 6.357878 1.019824
8100  0  0.024275  0.026009 7.099057 1.019824
8200  0  0.018073  0.019204 7.964736 1.019824
8300  0  0.013404  0.013893 8.980611 1.019824
8400  0  0.009900  0.009836 10.178661 1.019824
8500  0  0.007280  0.006806 11.598926 1.019824
8600  0  0.005329  0.004597 13.291843 1.019824
8700  0  0.003882  0.003026 15.321361 1.019824
8800  0  0.002813  0.001938 17.769113 1.019824
8900  0  0.002028  0.001206 20.740046 1.019824
