STMin::Observed_Data::Expected_Bkg::Shape_Unc_down::Shap_Unc_up::Norm_Unc
2500  143731  143668.461764  0.988518 1.008855 1.006137
2600  108319  107865.595430  0.989841 1.009844 1.006137
2700  81868  81498.462173  0.988269 1.011966 1.006137
2800  62410  61935.459145  0.985390 1.014280 1.006137
2900  47675  47320.925056  0.981922 1.015827 1.006137
3000  36674  36333.765339  0.977707 1.016428 1.006137
3100  28262  28025.074951  0.972585 1.016281 1.006137
3200  21821  21707.640167  0.966415 1.015619 1.006137
3300  16894  16879.934849  0.959481 1.014703 1.006137
3400  13186  13173.318490  0.951949 1.013828 1.006137
3500  10351  10315.009438  0.943709 1.013341 1.006137
3600  8113  8101.892590  0.934549 1.013652 1.006137
3700  6415  6381.838936  0.924173 1.015256 1.006137
3800  5070  5040.279743  0.912185 1.017048 1.006137
3900  4025  3990.487265  0.898076 1.019156 1.006137
4000  3188  3166.490588  0.882290 1.021808 1.006137
4100  2514  2517.878905  0.865627 1.025306 1.006137
4200  1971  2005.966150  0.848127 1.030040 1.006137
4300  1555  1600.944099  0.829828 1.036290 1.006137
4400  1258  1279.757697  0.810768 1.043845 1.006137
4500  1000  1024.511221  0.790986 1.052948 1.006137
4600  800  821.266841  0.770525 1.063032 1.006137
4700  621  659.134764  0.749425 1.074019 1.006137
4800  494  529.581192  0.727731 1.085961 1.006137
4900  391  425.899742  0.705489 1.098940 1.006137
5000  319  342.806145  0.682746 1.113078 1.006137
5100  266  276.126279  0.659553 1.128552 1.006137
5200  213  222.555207  0.635961 1.145609 1.006137
5300  172  179.470414  0.612022 1.164587 1.006137
5400  132  144.786598  0.587792 1.185945 1.006137
5500  104  116.842410  0.563323 1.210290 1.006137
5600  80  94.311866  0.538673 1.237865 1.006137
5700  62  76.134863  0.513894 1.267962 1.006137
5800  56  61.462533  0.489040 1.300944 1.006137
5900  50  49.614159  0.464161 1.337069 1.006137
6000  42  40.043134  0.439304 1.376625 1.006137
6100  32  32.309991  0.414509 1.419935 1.006137
6200  26  26.061004  0.389811 1.467365 1.006137
6300  22  21.011162  0.365232 1.519322 1.006137
6400  19  16.930609  0.340783 1.576269 1.006137
6500  16  13.633813  0.316460 1.638730 1.006137
6600  16  10.970907  0.292236 1.707298 1.006137
6700  13  8.820760  0.268058 1.782647 1.006137
6800  10  7.085407  0.243843 1.865546 1.006137
6900  9  5.685586  0.219461 1.956875 1.006137
7000  8  4.557146  0.194735 2.057640 1.006137
7100  6  3.648146  0.169415 2.169000 1.006137
7200  4  2.916530  0.144095 2.292288 1.006137
7300  4  2.328239  0.121181 2.429046 1.006137
7400  4  1.855694  0.100653 2.581061 1.006137
7500  4  1.476561  0.082512 2.750412 1.006137
7600  4  1.172763  0.066707 2.939527 1.006137
7700  3  0.929668  0.053143 3.151246 1.006137
7800  1  0.735441  0.041684 3.388909 1.006137
7900  1  0.580510  0.032163 3.656454 1.006137
8000  0  0.457144  0.024389 3.958547 1.006137
8100  0  0.359097  0.018157 4.300734 1.006137
8200  0  0.281331  0.013257 4.689638 1.006137
8300  0  0.219786  0.009481 5.133201 1.006137
8400  0  0.171192  0.006635 5.640991 1.006137
8500  0  0.132919  0.004537 6.224592 1.006137
8600  0  0.102856  0.003027 6.898094 1.006137
8700  0  0.079308  0.001968 7.678731 1.006137
8800  0  0.060920  0.001245 8.587692 1.006137
8900  0  0.046608  0.000765 9.651180 1.006137
