STMin::Observed_Data::Expected_Bkg::Shape_Unc_down::Shap_Unc_up::Norm_Unc
2500  234887  236513.947167  0.985833 1.010987 1.006163
2600  177434  177865.351085  0.989652 1.014160 1.006163
2700  134544  134677.619778  0.989692 1.018353 1.006163
2800  102589  102608.774045  0.987458 1.022131 1.006163
2900  78470  78614.912555  0.984121 1.024019 1.006163
3000  60258  60538.203913  0.979827 1.024220 1.006163
3100  46529  46833.193898  0.974230 1.023132 1.006163
3200  35986  36382.519001  0.967013 1.021174 1.006163
3300  28053  28371.258353  0.958219 1.018794 1.006163
3400  21860  22200.266544  0.948020 1.016485 1.006163
3500  17214  17425.746394  0.936870 1.014804 1.006163
3600  13501  13716.692451  0.924766 1.014386 1.006163
3700  10572  10824.638562  0.911587 1.015979 1.006163
3800  8375  8561.963533  0.897145 1.019119 1.006163
3900  6568  6786.206312  0.881245 1.022995 1.006163
4000  5199  5388.638975  0.863785 1.027864 1.006163
4100  4071  4285.881816  0.845571 1.034052 1.006163
4200  3191  3413.709126  0.826753 1.041977 1.006163
4300  2498  2722.444346  0.807394 1.051991 1.006163
4400  1990  2173.516365  0.787549 1.063942 1.006163
4500  1589  1736.869770  0.767270 1.078245 1.006163
4600  1281  1389.007019  0.746603 1.094625 1.006163
4700  1012  1111.501010  0.725594 1.112850 1.006163
4800  823  889.859748  0.704282 1.133067 1.006163
4900  650  712.655955  0.682707 1.155469 1.006163
5000  506  570.857034  0.660905 1.180307 1.006163
5100  396  457.307259  0.638909 1.207910 1.006163
5200  322  366.326133  0.616751 1.238710 1.006163
5300  257  293.395788  0.594461 1.273270 1.006163
5400  200  234.916888  0.572065 1.312328 1.006163
5500  165  188.017446  0.549587 1.355665 1.006163
5600  133  150.402659  0.527047 1.403646 1.006163
5700  103  120.236636  0.504459 1.456759 1.006163
5800  80  96.049026  0.481832 1.515559 1.006163
5900  63  76.661112  0.459167 1.580677 1.006163
6000  49  61.127204  0.436453 1.652838 1.006163
6100  42  48.688056  0.413669 1.732871 1.006163
6200  40  38.733778  0.390772 1.821730 1.006163
6300  35  30.774252  0.367701 1.920514 1.006163
6400  25  24.415498  0.344362 2.030496 1.006163
6500  25  19.340766  0.320626 2.153149 1.006163
6600  23  15.295392  0.296311 2.290186 1.006163
6700  15  12.074643  0.271171 2.443607 1.006163
6800  13  9.513965  0.244875 2.615752 1.006163
6900  8  7.481142  0.217811 2.809367 1.006163
7000  7  5.869993  0.192158 3.027688 1.006163
7100  7  4.595293  0.168029 3.274543 1.006163
7200  6  3.588687  0.145555 3.554473 1.006163
7300  5  2.795398  0.124838 3.872888 1.006163
7400  5  2.171572  0.105947 4.236262 1.006163
7500  5  1.682137  0.088918 4.652369 1.006163
7600  5  1.299084  0.073749 5.130588 1.006163
7700  5  1.000070  0.060409 5.682287 1.006163
7800  4  0.767303  0.048832 6.321305 1.006163
7900  4  0.586637  0.038925 7.064574 1.006163
8000  3  0.446843  0.030572 7.932916 1.006163
8100  3  0.339032  0.023638 8.952068 1.006163
8200  2  0.256173  0.017975 10.154023 1.006163
8300  2  0.192727  0.013431 11.578775 1.006163
8400  2  0.144332  0.009850 13.276617 1.006163
8500  1  0.107570  0.007083 15.311193 1.006163
8600  1  0.079766  0.004988 17.763563 1.006163
8700  1  0.058832  0.003435 20.737675 1.006163
8800  1  0.043148  0.002311 24.367775 1.006163
8900  1  0.031457  0.001516 28.828534 1.006163
