STMin::Observed_Data::Expected_Bkg::Shape_Unc_down::Shap_Unc_up::Norm_Unc
2500  618  1338.779040  0.959573 1.015510 1.390868
2600  478  967.700500  0.971409 1.020573 1.390868
2700  372  704.685134  0.979114 1.027299 1.390868
2800  286  516.671366  0.984206 1.033635 1.390868
2900  215  381.212706  0.986556 1.041585 1.390868
3000  174  282.907613  0.985222 1.050851 1.390868
3100  138  211.084318  0.980251 1.061320 1.390868
3200  99  158.280673  0.974352 1.070926 1.390868
3300  77  119.234402  0.968501 1.080039 1.390868
3400  68  90.205111  0.962902 1.089143 1.390868
3500  50  68.514437  0.957410 1.098844 1.390868
3600  42  52.231203  0.951706 1.109690 1.390868
3700  32  39.953931  0.945273 1.120652 1.390868
3800  23  30.659363  0.937371 1.131985 1.390868
3900  18  23.596117  0.926989 1.144115 1.390868
4000  14  18.209492  0.912782 1.157611 1.390868
4100  12  14.087916  0.897282 1.173224 1.390868
4200  7  10.924567  0.880814 1.191924 1.390868
4300  6  8.489689  0.863408 1.213674 1.390868
4400  4  6.610510  0.845097 1.239451 1.390868
4500  4  5.156597  0.825915 1.269340 1.390868
4600  3  4.029110  0.805899 1.303911 1.390868
4700  3  3.152887  0.785086 1.344253 1.390868
4800  2  2.470584  0.763520 1.391759 1.390868
4900  2  1.938310  0.741245 1.448213 1.390868
5000  1  1.522378  0.718310 1.515894 1.390868
5100  1  1.196858  0.694767 1.597719 1.390868
5200  1  0.941737  0.670671 1.689781 1.390868
5300  1  0.741535  0.646081 1.792296 1.390868
5400  1  0.584250  0.621060 1.906385 1.390868
5500  1  0.460554  0.595671 2.033318 1.390868
5600  1  0.363187  0.569980 2.174527 1.390868
5700  1  0.286483  0.544056 2.331638 1.390868
5800  1  0.226016  0.517964 2.506489 1.390868
5900  0  0.178323  0.491773 2.701165 1.390868
6000  0  0.140687  0.465547 2.918031 1.390868
6100  0  0.110978  0.439346 3.159768 1.390868
6200  0  0.087520  0.413224 3.429426 1.390868
6300  0  0.068996  0.387226 3.730469 1.390868
6400  0  0.054367  0.361385 4.066841 1.390868
6500  0  0.042816  0.335720 4.443033 1.390868
6600  0  0.033696  0.310226 4.864167 1.390868
6700  0  0.026498  0.284873 5.336091 1.390868
6800  0  0.020819  0.259595 5.865484 1.390868
6900  0  0.016340  0.234283 6.459991 1.390868
7000  0  0.012811  0.208766 7.128365 1.390868
7100  0  0.010032  0.182803 7.880646 1.390868
7200  0  0.007845  0.156053 8.728359 1.390868
7300  0  0.006126  0.129300 9.684758 1.390868
7400  0  0.004775  0.105696 10.765095 1.390868
7500  0  0.003717  0.085111 11.986955 1.390868
7600  0  0.002887  0.067453 13.370635 1.390868
7700  0  0.002238  0.052565 14.939600 1.390868
7800  0  0.001732  0.040238 16.721014 1.390868
7900  0  0.001337  0.030227 18.746374 1.390868
8000  0  0.001029  0.022257 21.052259 1.390868
8100  0  0.000790  0.016045 23.681219 1.390868
8200  0  0.000605  0.011311 26.682837 1.390868
8300  0  0.000462  0.007787 30.114993 1.390868
8400  0  0.000352  0.005227 34.045380 1.390868
8500  0  0.000267  0.003417 38.553320 1.390868
8600  0  0.000202  0.002171 43.731959 1.390868
8700  0  0.000152  0.001339 49.690907 1.390868
8800  0  0.000114  0.000800 56.559448 1.390868
8900  0  0.000085  0.000462 64.490443 1.390868
