STMin::Observed_Data::Expected_Bkg::Shape_Unc_down::Shap_Unc_up::Norm_Unc
2500  4091  4838.325051  0.988129 1.113086 1.109673
2600  3225  3638.560830  0.992704 1.117241 1.109673
2700  2533  2755.076854  0.993037 1.120228 1.109673
2800  1995  2099.050005  0.991256 1.121239 1.109673
2900  1547  1608.211716  0.989078 1.120055 1.109673
3000  1216  1238.419603  0.986264 1.116855 1.109673
3100  969  958.058575  0.982550 1.112020 1.109673
3200  764  744.270920  0.977724 1.105934 1.109673
3300  595  580.385942  0.971955 1.098994 1.109673
3400  473  454.147026  0.965435 1.091618 1.109673
3500  367  356.475490  0.958043 1.084258 1.109673
3600  286  280.600013  0.949464 1.077422 1.109673
3700  228  221.437765  0.939253 1.071262 1.109673
3800  184  175.150612  0.926819 1.065366 1.109673
3900  139  138.824253  0.911392 1.060260 1.109673
4000  108  110.234459  0.894606 1.056443 1.109673
4100  88  87.675546  0.877041 1.054522 1.109673
4200  72  69.833659  0.858767 1.055245 1.109673
4300  51  55.692575  0.839849 1.059066 1.109673
4400  42  44.463250  0.820348 1.066534 1.109673
4500  33  35.530846  0.800318 1.078488 1.109673
4600  28  28.414677  0.779810 1.094625 1.109673
4700  22  22.737785  0.758872 1.112849 1.109673
4800  18  18.203707  0.737549 1.133066 1.109673
4900  15  14.578680  0.715883 1.155468 1.109673
5000  13  11.677924  0.693915 1.180305 1.109673
5100  10  9.355056  0.671683 1.207908 1.109673
5200  8  7.493871  0.649223 1.238707 1.109673
5300  5  6.001947  0.626569 1.273266 1.109673
5400  2  4.805654  0.603754 1.312324 1.109673
5500  2  3.846240  0.580805 1.355660 1.109673
5600  1  3.076761  0.557750 1.403641 1.109673
5700  1  2.459660  0.534610 1.456754 1.109673
5800  1  1.964858  0.511402 1.515553 1.109673
5900  1  1.568243  0.488135 1.580671 1.109673
6000  0  1.250469  0.464810 1.652832 1.109673
6100  0  0.996003  0.441416 1.732864 1.109673
6200  0  0.792370  0.417929 1.821723 1.109673
6300  0  0.629544  0.394304 1.920507 1.109673
6400  0  0.499464  0.370470 2.030489 1.109673
6500  0  0.395651  0.346326 2.153141 1.109673
6600  0  0.312895  0.321724 2.290177 1.109673
6700  0  0.247009  0.296465 2.443598 1.109673
6800  0  0.194626  0.270271 2.615742 1.109673
6900  0  0.153040  0.242771 2.809356 1.109673
7000  0  0.120081  0.214279 3.027677 1.109673
7100  0  0.094005  0.187372 3.274531 1.109673
7200  0  0.073413  0.162311 3.554460 1.109673
7300  0  0.057185  0.139209 3.872874 1.109673
7400  0  0.044423  0.118144 4.236246 1.109673
7500  0  0.034411  0.099154 4.652351 1.109673
7600  0  0.026575  0.082239 5.130569 1.109673
7700  0  0.020458  0.067363 5.682266 1.109673
7800  0  0.015697  0.054453 6.321281 1.109673
7900  0  0.012001  0.043406 7.064548 1.109673
8000  0  0.009141  0.034091 7.932886 1.109673
8100  0  0.006936  0.026359 8.952035 1.109673
8200  0  0.005240  0.020044 10.153985 1.109673
8300  0  0.003943  0.014977 11.578732 1.109673
8400  0  0.002953  0.010984 13.276567 1.109673
8500  0  0.002201  0.007898 15.311136 1.109673
8600  0  0.001632  0.005562 17.763497 1.109673
8700  0  0.001204  0.003831 20.737598 1.109673
8800  0  0.000883  0.002577 24.367685 1.109673
8900  0  0.000644  0.001690 28.828427 1.109673
