STMin::Observed_Data::Expected_Bkg::Shape_Unc_down::Shap_Unc_up::Norm_Unc
2600  41  23.782365  0.994403 1.025301 1.577606
2700  32  17.967408  0.993230 1.026136 1.577606
2800  23  13.650919  0.991907 1.026669 1.577606
2900  16  10.424593  0.990188 1.026824 1.577606
3000  11  7.997884  0.987676 1.026739 1.577606
3100  9  6.162088  0.984065 1.026863 1.577606
3200  8  4.765987  0.979665 1.027690 1.577606
3300  7  3.699137  0.974614 1.029790 1.577606
3400  7  2.880276  0.968669 1.033829 1.577606
3500  6  2.249203  0.961464 1.040606 1.577606
3600  5  1.761039  0.952661 1.049807 1.577606
3700  3  1.382129  0.941886 1.061934 1.577606
3800  3  1.087099  0.929805 1.077834 1.577606
3900  1  0.856720  0.917091 1.098393 1.577606
4000  0  0.676351  0.903774 1.123276 1.577606
4100  0  0.534796  0.889873 1.152207 1.577606
4200  0  0.423459  0.875401 1.185494 1.577606
4300  0  0.335715  0.860368 1.223483 1.577606
4400  0  0.266440  0.844782 1.266557 1.577606
4500  0  0.211657  0.828646 1.315152 1.577606
4600  0  0.168271  0.811962 1.369757 1.577606
4700  0  0.133866  0.794730 1.430927 1.577606
4800  0  0.106551  0.776949 1.499289 1.577606
4900  0  0.084844  0.758612 1.575555 1.577606
5000  0  0.067578  0.739712 1.660530 1.577606
5100  0  0.053835  0.720237 1.755131 1.577606
5200  0  0.042889  0.700172 1.860394 1.577606
5300  0  0.034166  0.679492 1.977501 1.577606
5400  0  0.027212  0.658168 2.107792 1.577606
5500  0  0.021668  0.636155 2.252793 1.577606
5600  0  0.017247  0.613395 2.414244 1.577606
5700  0  0.013721  0.589810 2.594127 1.577606
5800  0  0.010910  0.565294 2.794705 1.577606
5900  0  0.008668  0.539706 3.018567 1.577606
6000  0  0.006882  0.513742 3.268676 1.577606
6100  0  0.005459  0.487919 3.548426 1.577606
6200  0  0.004325  0.462309 3.861718 1.577606
6300  0  0.003424  0.436974 4.213034 1.577606
6400  0  0.002707  0.411967 4.607539 1.577606
6500  0  0.002137  0.387333 5.051189 1.577606
6600  0  0.001685  0.363099 5.550872 1.577606
6700  0  0.001326  0.339280 6.114560 1.577606
6800  0  0.001042  0.315871 6.751502 1.577606
6900  0  0.000818  0.292844 7.472448 1.577606
7000  0  0.000640  0.270142 8.289920 1.577606
7100  0  0.000500  0.247672 9.218529 1.577606
7200  0  0.000390  0.225294 10.275366 1.577606
7300  0  0.000303  0.202810 11.480461 1.577606
7400  0  0.000236  0.179943 12.857350 1.577606
7500  0  0.000182  0.156316 14.433744 1.577606
7600  0  0.000141  0.131414 16.242358 1.577606
7700  0  0.000108  0.107894 18.321909 1.577606
7800  0  0.000083  0.087294 20.718333 1.577606
7900  0  0.000064  0.069538 23.486286 1.577606
8000  0  0.000049  0.054488 26.690980 1.577606
8100  0  0.000037  0.041956 30.410451 1.577606
8200  0  0.000028  0.031715 34.738365 1.577606
8300  0  0.000021  0.023508 39.787511 1.577606
8400  0  0.000016  0.017066 45.694160 1.577606
8500  0  0.000012  0.012119 52.623529 1.577606
8600  0  0.000009  0.008407 60.776673 1.577606
8700  0  0.000007  0.005689 70.399207 1.577606
8800  0  0.000005  0.003749 81.792412 1.577606
8900  0  0.000004  0.002403 95.327468 1.577606
