STMin::Observed_Data::Expected_Bkg::Shape_Unc_down::Shap_Unc_up::Norm_Unc
2500  727  1830.989897  0.891140 1.007714 1.371669
2600  568  1327.353026  0.902152 1.009906 1.371669
2700  438  968.713926  0.911271 1.013279 1.371669
2800  352  711.310817  0.921725 1.016422 1.371669
2900  271  525.230880  0.932467 1.018771 1.371669
3000  207  389.818675  0.942221 1.020619 1.371669
3100  159  290.676891  0.949743 1.022373 1.371669
3200  126  217.683028  0.954348 1.024527 1.371669
3300  100  163.662882  0.957445 1.027697 1.371669
3400  74  123.493916  0.958718 1.032648 1.371669
3500  60  93.493217  0.957761 1.040345 1.371669
3600  52  70.995884  0.954186 1.050420 1.371669
3700  40  54.062096  0.947175 1.059042 1.371669
3800  33  41.271959  0.935645 1.066666 1.371669
3900  23  31.580758  0.921726 1.073995 1.371669
4000  16  24.216097  0.906656 1.082063 1.371669
4100  11  18.604338  0.890398 1.092303 1.371669
4200  7  14.317657  0.872888 1.106630 1.371669
4300  6  11.035725  0.854027 1.125065 1.371669
4400  3  8.517818  0.833669 1.146045 1.371669
4500  2  6.582415  0.811609 1.168910 1.371669
4600  2  5.092201  0.787566 1.193846 1.371669
4700  2  3.942991  0.761166 1.221053 1.371669
4800  1  3.055520  0.731908 1.250750 1.371669
4900  1  2.369327  0.699136 1.283175 1.371669
5000  1  1.838181  0.661987 1.318595 1.371669
5100  1  1.426658  0.619335 1.357300 1.371669
5200  1  1.107557  0.575297 1.399617 1.371669
5300  0  0.859952  0.531477 1.445908 1.371669
5400  0  0.667718  0.488289 1.496581 1.371669
5500  0  0.518409  0.446116 1.552090 1.371669
5600  0  0.402404  0.405296 1.612951 1.371669
5700  0  0.312257  0.366122 1.679744 1.371669
5800  0  0.242201  0.328840 1.753128 1.371669
5900  0  0.187759  0.293644 1.833849 1.371669
6000  0  0.145460  0.260682 1.922762 1.371669
6100  0  0.112603  0.230050 2.020838 1.371669
6200  0  0.087092  0.201804 2.129195 1.371669
6300  0  0.067293  0.175954 2.249113 1.371669
6400  0  0.051938  0.152475 2.382070 1.371669
6500  0  0.040038  0.131309 2.529773 1.371669
6600  0  0.030823  0.112369 2.694202 1.371669
6700  0  0.023694  0.095547 2.877659 1.371669
6800  0  0.018186  0.080717 3.082829 1.371669
6900  0  0.013934  0.067740 3.312856 1.371669
7000  0  0.010657  0.056469 3.571431 1.371669
7100  0  0.008135  0.046753 3.862908 1.371669
7200  0  0.006196  0.038440 4.192433 1.371669
7300  0  0.004709  0.031382 4.566121 1.371669
7400  0  0.003571  0.025435 4.991260 1.371669
7500  0  0.002701  0.020464 5.476575 1.371669
7600  0  0.002037  0.016340 6.032554 1.371669
7700  0  0.001532  0.012947 6.671860 1.371669
7800  0  0.001149  0.010178 7.409849 1.371669
7900  0  0.000859  0.007936 8.265240 1.371669
8000  0  0.000640  0.006137 9.260951 1.371669
8100  0  0.000475  0.004705 10.425197 1.371669
8200  0  0.000351  0.003576 11.792891 1.371669
8300  0  0.000259  0.002693 13.407480 1.371669
8400  0  0.000190  0.002009 15.323344 1.371669
8500  0  0.000139  0.001485 17.608958 1.371669
8600  0  0.000101  0.001086 20.351091 1.371669
8700  0  0.000073  0.000786 23.660427 1.371669
8800  0  0.000052  0.000563 27.679126 1.371669
8900  0  0.000038  0.000398 32.591103 1.371669
