STMin::Observed_Data::Expected_Bkg::Shape_Unc_down::Shap_Unc_up::Norm_Unc
2500  704  1220.653523  0.966739 1.008580 1.305520
2600  546  916.957283  0.969575 1.010852 1.305520
2700  430  693.426905  0.969503 1.014011 1.305520
2800  333  527.569414  0.968179 1.016798 1.305520
2900  258  403.595774  0.966431 1.018286 1.305520
3000  210  310.303527  0.964058 1.018577 1.305520
3100  172  239.665690  0.960848 1.017980 1.305520
3200  127  185.878071  0.956681 1.016818 1.305520
3300  103  144.708301  0.951793 1.015435 1.305520
3400  91  113.046041  0.946507 1.014211 1.305520
3500  68  88.588957  0.940741 1.013574 1.305520
3600  53  69.621352  0.934323 1.014018 1.305520
3700  42  54.856690  0.926994 1.016129 1.305520
3800  32  43.324639  0.918392 1.019026 1.305520
3900  25  34.289389  0.908040 1.022588 1.305520
4000  20  27.190157  0.895928 1.027074 1.305520
4100  18  21.597543  0.883270 1.032816 1.305520
4200  11  17.181311  0.870001 1.040239 1.305520
4300  10  13.686449  0.856143 1.049659 1.305520
4400  8  10.915284  0.841717 1.060906 1.305520
4500  7  8.714049  0.826739 1.074275 1.305520
4600  6  6.962733  0.811227 1.089240 1.305520
4700  5  5.567386  0.795193 1.105763 1.305520
4800  4  4.454247  0.778652 1.123945 1.305520
4900  4  3.565253  0.761616 1.143923 1.305520
5000  3  2.854587  0.744097 1.165881 1.305520
5100  2  2.286012  0.726107 1.190067 1.305520
5200  2  1.830810  0.707660 1.216809 1.305520
5300  2  1.466175  0.688765 1.246549 1.305520
5400  2  1.173965  0.669436 1.279868 1.305520
5500  2  0.939728  0.649684 1.317535 1.305520
5600  2  0.751930  0.629517 1.360323 1.305520
5700  2  0.601357  0.608945 1.407814 1.305520
5800  2  0.480640  0.587971 1.460305 1.305520
5900  1  0.383877  0.566597 1.518333 1.305520
6000  1  0.306338  0.544817 1.582507 1.305520
6100  1  0.244230  0.522616 1.653527 1.305520
6200  0  0.194509  0.499968 1.732189 1.305520
6300  0  0.154729  0.476829 1.819412 1.305520
6400  0  0.122928  0.453134 1.916251 1.305520
6500  0  0.097528  0.428790 2.023925 1.305520
6600  0  0.077259  0.403664 2.143847 1.305520
6700  0  0.061104  0.377570 2.277656 1.305520
6800  0  0.048242  0.350475 2.427261 1.305520
6900  0  0.038017  0.322096 2.594895 1.305520
7000  0  0.029900  0.292030 2.783176 1.305520
7100  0  0.023466  0.259740 2.995182 1.305520
7200  0  0.018376  0.226311 3.234551 1.305520
7300  0  0.014355  0.195438 3.505593 1.305520
7400  0  0.011186  0.166865 3.813436 1.305520
7500  0  0.008693  0.140759 4.164206 1.305520
7600  0  0.006737  0.117228 4.565252 1.305520
7700  0  0.005205  0.096315 5.025428 1.305520
7800  0  0.004009  0.078003 5.555450 1.305520
7900  0  0.003078  0.062218 6.168344 1.305520
8000  0  0.002355  0.048832 6.880029 1.305520
8100  0  0.001795  0.037676 7.710053 1.305520
8200  0  0.001363  0.028547 8.682547 1.305520
8300  0  0.001030  0.021217 9.827465 1.305520
8400  0  0.000776  0.015452 11.182208 1.305520
8500  0  0.000581  0.011012 12.793747 1.305520
8600  0  0.000434  0.007670 14.721445 1.305520
8700  0  0.000322  0.005213 17.040825 1.305520
8800  0  0.000238  0.003453 19.848618 1.305520
8900  0  0.000174  0.002225 23.269614 1.305520
