STMin::Observed_Data::Expected_Bkg::Shape_Unc_down::Shap_Unc_up::Norm_Unc
2500  5691  10002.952829  0.871891 1.008712 1.100385
2600  4326  7230.365997  0.885413 1.011169 1.100385
2700  3290  5265.194583  0.896206 1.014385 1.100385
2800  2509  3860.412472  0.905949 1.016021 1.100385
2900  1919  2848.306255  0.914935 1.017712 1.100385
3000  1496  2113.800277  0.922836 1.018683 1.100385
3100  1165  1577.158300  0.929297 1.019117 1.100385
3200  894  1182.625405  0.934152 1.019403 1.100385
3300  681  890.883460  0.937814 1.019997 1.100385
3400  539  673.985360  0.940240 1.021452 1.100385
3500  423  511.919192  0.941167 1.024441 1.100385
3600  329  390.255780  0.940203 1.029504 1.100385
3700  250  298.523713  0.936805 1.035940 1.100385
3800  201  229.077505  0.930240 1.044086 1.100385
3900  159  176.303064  0.920993 1.054610 1.100385
4000  124  136.055828  0.909755 1.068389 1.100385
4100  95  105.260659  0.896431 1.086559 1.100385
4200  74  81.625069  0.880886 1.110142 1.100385
4300  58  63.432391  0.863407 1.139708 1.100385
4400  45  49.391733  0.845097 1.175600 1.100385
4500  31  38.528534  0.825915 1.216680 1.100385
4600  23  30.104291  0.805898 1.263264 1.100385
4700  20  23.557421  0.785086 1.315826 1.100385
4800  17  18.459455  0.763520 1.374905 1.100385
4900  13  14.482469  0.741245 1.441108 1.100385
5000  8  11.374752  0.718309 1.515121 1.100385
5100  6  8.942558  0.694766 1.597720 1.100385
5200  5  7.036371  0.670671 1.689780 1.100385
5300  4  5.540525  0.646081 1.792295 1.100385
5400  4  4.365338  0.621060 1.906384 1.100385
5500  4  3.441122  0.595671 2.033316 1.100385
5600  4  2.713622  0.569980 2.174525 1.100385
5700  4  2.140513  0.544055 2.331635 1.100385
5800  4  1.688725  0.517964 2.506485 1.100385
5900  3  1.332374  0.491773 2.701160 1.100385
6000  1  1.051172  0.465547 2.918023 1.100385
6100  1  0.829194  0.439346 3.159759 1.100385
6200  1  0.653925  0.413223 3.429413 1.100385
6300  1  0.515517  0.387225 3.730452 1.100385
6400  1  0.406215  0.361385 4.066819 1.100385
6500  1  0.319906  0.335720 4.443005 1.100385
6600  1  0.251764  0.310226 4.864131 1.100385
6700  1  0.197982  0.284873 5.336044 1.100385
6800  1  0.155550  0.259595 5.865424 1.100385
6900  1  0.122090  0.234283 6.459913 1.100385
7000  0  0.095720  0.208766 7.128265 1.100385
7100  0  0.074954  0.182803 7.880517 1.100385
7200  0  0.058613  0.156053 8.728193 1.100385
7300  0  0.045768  0.129300 9.684544 1.100385
7400  0  0.035681  0.105696 10.764819 1.100385
7500  0  0.027769  0.085111 11.986600 1.100385
7600  0  0.021572  0.067453 13.370177 1.100385
7700  0  0.016724  0.052565 14.939007 1.100385
7800  0  0.012938  0.040238 16.720246 1.100385
7900  0  0.009987  0.030227 18.745376 1.100385
8000  0  0.007689  0.022257 21.050961 1.100385
8100  0  0.005905  0.016045 23.679526 1.100385
8200  0  0.004523  0.011311 26.680623 1.100385
8300  0  0.003454  0.007787 30.112089 1.100385
8400  0  0.002629  0.005227 34.041561 1.100385
8500  0  0.001995  0.003417 38.548282 1.100385
8600  0  0.001508  0.002171 43.725290 1.100385
8700  0  0.001136  0.001339 49.682046 1.100385
8800  0  0.000852  0.000800 56.547629 1.100385
8900  0  0.000636  0.000462 64.474613 1.100385
