STMin::Observed_Data::Expected_Bkg::Shape_Unc_down::Shap_Unc_up::Norm_Unc
2500  24975  29559.390305  0.909747 1.090405 1.039104
2600  18765  21443.072961  0.919453 1.123248 1.039104
2700  14134  15640.712728  0.926264 1.166544 1.039104
2800  10663  11466.643581  0.932509 1.219594 1.039104
2900  8121  8446.484289  0.938905 1.289744 1.039104
3000  6256  6249.426754  0.944576 1.385147 1.039104
3100  4778  4643.085061  0.948501 1.514663 1.039104
3200  3639  3463.095711  0.949893 1.686191 1.039104
3300  2708  2592.465147  0.948956 1.912704 1.039104
3400  2096  1947.421546  0.944795 2.211261 1.039104
3500  1670  1467.646630  0.940880 2.603912 1.039104
3600  1308  1109.482261  0.938713 3.115866 1.039104
3700  1005  841.173555  0.937777 3.781399 1.039104
3800  778  639.516661  0.937229 4.642912 1.039104
3900  588  487.482161  0.935831 5.757405 1.039104
4000  442  372.520609  0.931857 7.197836 1.039104
4100  329  285.347943  0.922959 9.057528 1.039104
4200  265  219.070489  0.907938 11.455492 1.039104
4300  213  168.551588  0.891306 14.542415 1.039104
4400  173  129.951064  0.873241 18.510878 1.039104
4500  127  100.388922  0.853751 23.601893 1.039104
4600  98  77.698772  0.832856 30.124226 1.039104
4700  78  60.246344  0.810586 38.469363 1.039104
4800  67  46.795415  0.786988 49.133015 1.039104
4900  53  36.408416  0.762119 62.742157 1.039104
5000  34  28.372510  0.736051 80.088933 1.039104
5100  28  22.144429  0.708869 102.173114 1.039104
5200  21  17.309191  0.680671 130.249434 1.039104
5300  16  13.549110  0.651566 165.888100 1.039104
5400  12  10.620476  0.621675 211.077304 1.039104
5500  12  8.335951  0.591128 268.313512 1.039104
5600  11  6.551249  0.560062 340.730950 1.039104
5700  11  5.155035  0.528622 432.261130 1.039104
5800  11  4.061250  0.496954 547.831517 1.039104
5900  10  3.203252  0.465206 693.612781 1.039104
6000  4  2.529352  0.433523 877.326312 1.039104
6100  4  1.999396  0.402046 1108.626436 1.039104
6200  4  1.582140  0.370903 1399.575192 1.039104
6300  4  1.253237  0.340212 1765.231713 1.039104
6400  3  0.993688  0.310070 2224.383444 1.039104
6500  3  0.788648  0.280553 2800.452790 1.039104
6600  3  0.626498  0.251708 3522.620653 1.039104
6700  3  0.498136  0.223547 4427.217932 1.039104
6800  3  0.396421  0.196042 5559.447974 1.039104
6900  3  0.315744  0.169117 6975.517495 1.039104
7000  0  0.251695  0.142637 8745.271458 1.039104
7100  0  0.200799  0.117320 10955.449374 1.039104
7200  0  0.160321  0.095252 13713.707490 1.039104
7300  0  0.128100  0.076181 17153.584479 1.039104
7400  0  0.102430  0.059970 21440.628858 1.039104
7500  0  0.081964  0.046426 26779.956169 1.039104
7600  0  0.065633  0.035312 33425.564922 1.039104
7700  0  0.052592  0.026364 41691.815044 1.039104
7800  0  0.042171  0.019300 51967.563920 1.039104
7900  0  0.033836  0.013839 64733.567004 1.039104
8000  0  0.027166  0.009708 80583.886627 1.039104
8100  0  0.021825  0.006655 100252.219740 1.039104
8200  0  0.017544  0.004452 124644.259369 1.039104
8300  0  0.014111  0.002903 154877.453675 1.039104
8400  0  0.011357  0.001842 192329.830453 1.039104
8500  0  0.009145  0.001135 238699.925577 1.039104
8600  0  0.007368  0.000679 296080.305713 1.039104
8700  0  0.005939  0.000393 367047.726033 1.039104
8800  0  0.004790  0.000220 454773.633979 1.039104
8900  0  0.003866  0.000119 563159.545949 1.039104
