STMin::Observed_Data::Expected_Bkg::Shape_Unc_down::Shap_Unc_up::Norm_Unc
2500  80752  79855.437637  0.979374 1.034868 1.010210
2600  59636  57929.001813  0.985235 1.046688 1.010210
2700  44357  42253.779431  0.986284 1.061583 1.010210
2800  33016  30977.426451  0.984514 1.076424 1.010210
2900  24875  22818.390019  0.980600 1.095381 1.010210
3000  18792  16882.983726  0.975169 1.117355 1.010210
3100  14194  12543.411165  0.967608 1.141337 1.010210
3200  10719  9355.640202  0.958496 1.168258 1.010210
3300  8016  7003.609795  0.950683 1.199337 1.010210
3400  6101  5261.008253  0.944796 1.236163 1.010210
3500  4700  3964.884229  0.940881 1.280814 1.010210
3600  3600  2997.294159  0.938713 1.335986 1.010210
3700  2786  2272.451429  0.937777 1.404163 1.010210
3800  2203  1727.670248  0.937229 1.486212 1.010210
3900  1720  1316.945216  0.935831 1.586106 1.010210
4000  1295  1006.373686  0.931856 1.708904 1.010210
4100  1000  770.874532  0.922958 1.861138 1.010210
4200  782  591.824320  0.907937 2.051023 1.010210
4300  620  455.346237  0.891304 2.287931 1.010210
4400  497  351.065949  0.873240 2.584645 1.010210
4500  408  271.203076  0.853750 2.953279 1.010210
4600  305  209.905064  0.832854 3.412264 1.010210
4700  241  162.756891  0.810585 3.984948 1.010210
4800  182  126.418866  0.786987 4.700803 1.010210
4900  139  98.358127  0.762119 5.597006 1.010210
5000  110  76.648926  0.736051 6.720420 1.010210
5100  88  59.823608  0.708870 8.130076 1.010210
5200  66  46.761089  0.680672 9.900278 1.010210
5300  41  36.603135  0.651567 12.124488 1.010210
5400  32  28.691358  0.621677 14.913483 1.010210
5500  27  22.519655  0.591130 18.389653 1.010210
5600  22  17.698237  0.560065 22.722438 1.010210
5700  18  13.926332  0.528626 28.121805 1.010210
5800  15  10.971444  0.496959 34.848533 1.010210
5900  11  8.653540  0.465212 43.226277 1.010210
6000  5  6.832984  0.433530 53.656445 1.010210
6100  5  5.401294  0.402054 66.636512 1.010210
6200  5  4.274065  0.370913 82.782559 1.010210
6300  5  3.385525  0.340224 102.856977 1.010210
6400  3  2.684348  0.310084 127.802487 1.010210
6500  3  2.130426  0.280569 158.783882 1.010210
6600  3  1.692374  0.251726 197.239188 1.010210
6700  3  1.345601  0.223568 244.942301 1.010210
6800  3  1.070816  0.196065 304.079599 1.010210
6900  3  0.852866  0.169142 377.343521 1.010210
7000  0  0.679833  0.142663 468.046755 1.010210
7100  0  0.542338  0.117348 580.261377 1.010210
7200  0  0.432984  0.095280 718.988176 1.010210
7300  0  0.345938  0.076209 890.362422 1.010210
7400  0  0.276592  0.059998 1101.903528 1.010210
7500  0  0.221302  0.046453 1362.817501 1.010210
7600  0  0.177184  0.035338 1684.362718 1.010210
7700  0  0.141953  0.026387 2080.291462 1.010210
7800  0  0.113799  0.019321 2567.381905 1.010210
7900  0  0.091283  0.013858 3166.077723 1.010210
8000  0  0.073264  0.009725 3901.255423 1.010210
8100  0  0.058834  0.006670 4803.142736 1.010210
8200  0  0.047269  0.004464 5908.415052 1.010210
8300  0  0.037996  0.002912 7261.500929 1.010210
8400  0  0.030554  0.001849 8916.132177 1.010210
8500  0  0.024579  0.001141 10937.178837 1.010210
8600  0  0.019779  0.000683 13402.814621 1.010210
8700  0  0.015920  0.000396 16407.063958 1.010210
8800  0  0.012815  0.000222 20062.787732 1.010210
8900  0  0.010317  0.000120 24505.171052 1.010210
9000  0  0.008305  0.000063 29895.783086 1.010210
9100  0  0.006684  0.000031 36427.286137 1.010210
9200  0  0.005378  0.000015 44328.879022 1.010210
9300  0  0.004324  0.000007 53872.568852 1.010210
9400  0  0.003473  0.000003 65380.376067 1.010210
9500  0  0.002786  0.000001 79232.591155 1.010210
9600  0  0.002232  0.000000 95877.219100 1.010210
9700  0  0.001783  0.000000 115840.771396 1.010210
9800  0  0.001421  0.000000 139740.597741 1.010210
9900  0  0.001128  0.000000 168298.993687 1.010210
