STMin::Observed_Data::Expected_Bkg::Shape_Unc_down::Shap_Unc_up::Norm_Unc
2500  52824  53446.650973  0.985011 1.027454 1.018762
2600  39045  38745.475319  0.991227 1.037136 1.018762
2700  29056  28276.789068  0.993188 1.050590 1.018762
2800  21647  20763.184459  0.993838 1.066215 1.018762
2900  16301  15331.505422  0.992319 1.081044 1.018762
3000  12252  11378.819015  0.990364 1.095476 1.018762
3100  9201  8484.867313  0.987454 1.109919 1.018762
3200  7010  6354.174220  0.983403 1.124855 1.018762
3300  5331  4777.324516  0.978691 1.140878 1.018762
3400  4046  3604.791164  0.973302 1.155795 1.018762
3500  3106  2729.069856  0.966967 1.168901 1.018762
3600  2377  2072.372025  0.959279 1.180189 1.018762
3700  1814  1578.074222  0.949673 1.189876 1.018762
3800  1381  1204.729748  0.937379 1.198442 1.018762
3900  1054  921.843296  0.923993 1.206677 1.018762
4000  797  706.868624  0.909612 1.215742 1.018762
4100  602  543.061199  0.894246 1.227247 1.018762
4200  461  417.932840  0.877889 1.243345 1.018762
4300  365  322.133140  0.860516 1.264057 1.018762
4400  279  248.635359  0.842076 1.287629 1.018762
4500  217  192.140891  0.822488 1.313319 1.018762
4600  166  148.641493  0.801629 1.341336 1.018762
4700  131  115.096027  0.779328 1.371904 1.018762
4800  102  89.190730  0.755346 1.405269 1.018762
4900  82  69.160713  0.729361 1.441700 1.018762
5000  62  53.656547  0.700946 1.481495 1.018762
5100  51  41.644180  0.669532 1.524982 1.018762
5200  36  32.329613  0.634373 1.572527 1.018762
5300  29  25.102028  0.594493 1.624538 1.018762
5400  25  19.490716  0.548612 1.681470 1.018762
5500  20  15.132370  0.501229 1.743837 1.018762
5600  17  11.746174  0.455366 1.812217 1.018762
5700  14  9.114796  0.411353 1.887262 1.018762
5800  9  7.069842  0.369464 1.969711 1.018762
5900  5  5.480700  0.329921 2.060405 1.018762
6000  3  4.245976  0.292886 2.160302 1.018762
6100  3  3.286893  0.258471 2.270495 1.018762
6200  2  2.542212  0.226735 2.392238 1.018762
6300  2  1.964295  0.197691 2.526971 1.018762
6400  2  1.516077  0.171312 2.676354 1.018762
6500  2  1.168707  0.147531 2.842304 1.018762
6600  2  0.899723  0.126251 3.027047 1.018762
6700  1  0.691639  0.107351 3.233169 1.018762
6800  1  0.530842  0.090689 3.463686 1.018762
6900  0  0.406735  0.076109 3.722130 1.018762
7000  0  0.311074  0.063445 4.012650 1.018762
7100  0  0.237447  0.052528 4.340136 1.018762
7200  0  0.180867  0.043189 4.710371 1.018762
7300  0  0.137463  0.035259 5.130225 1.018762
7400  0  0.104227  0.028577 5.607886 1.018762
7500  0  0.078828  0.022992 6.153158 1.018762
7600  0  0.059459  0.018359 6.777823 1.018762
7700  0  0.044723  0.014546 7.496109 1.018762
7800  0  0.033538  0.011435 8.325271 1.018762
7900  0  0.025070  0.008917 9.286338 1.018762
8000  0  0.018678  0.006895 10.405060 1.018762
8100  0  0.013866  0.005286 11.713138 1.018762
8200  0  0.010255  0.004018 13.249799 1.018762
8300  0  0.007555  0.003026 15.063857 1.018762
8400  0  0.005542  0.002257 17.216408 1.018762
8500  0  0.004048  0.001668 19.784389 1.018762
8600  0  0.002943  0.001220 22.865289 1.018762
8700  0  0.002129  0.000883 26.583465 1.018762
8800  0  0.001532  0.000632 31.098638 1.018762
8900  0  0.001096  0.000446 36.617446 1.018762
