STMin::Observed_Data::Expected_Bkg::Shape_Unc_down::Shap_Unc_up::Norm_Unc
2500  2981  4236.851329  0.987501 1.077708 1.121230
2600  2357  3183.612436  0.992004 1.081202 1.121230
2700  1837  2409.636948  0.992186 1.084668 1.121230
2800  1419  1835.906778  0.990221 1.086572 1.121230
2900  1128  1407.216905  0.987837 1.086432 1.121230
3000  899  1084.558557  0.984753 1.084468 1.121230
3100  707  840.077464  0.980667 1.081091 1.121230
3200  550  653.691006  0.975392 1.076723 1.121230
3300  435  510.789665  0.969241 1.071815 1.121230
3400  337  400.656884  0.962499 1.066857 1.121230
3500  259  315.370898  0.954985 1.062389 1.121230
3600  206  249.033744  0.946385 1.058799 1.121230
3700  161  197.224828  0.936256 1.055543 1.121230
3800  129  156.610174  0.924007 1.052922 1.121230
3900  100  124.660680  0.908875 1.051470 1.121230
4000  80  99.447380  0.891051 1.051848 1.121230
4100  56  79.491558  0.872657 1.054877 1.121230
4200  41  63.654270  0.853487 1.061562 1.121230
4300  27  51.054381  0.833612 1.073136 1.121230
4400  22  41.007371  0.813097 1.089396 1.121230
4500  15  32.979401  0.792004 1.109058 1.121230
4600  14  26.552629  0.770391 1.131167 1.121230
4700  14  21.398900  0.748313 1.155740 1.121230
4800  9  17.259670  0.725823 1.182914 1.121230
4900  8  13.930644  0.702972 1.212838 1.121230
5000  4  11.249942  0.679808 1.245677 1.121230
5100  4  9.088965  0.656380 1.281612 1.121230
5200  3  7.345309  0.632732 1.320845 1.121230
5300  2  5.937246  0.608909 1.363598 1.121230
5400  2  4.799419  0.584952 1.410118 1.121230
5500  1  3.879458  0.560902 1.460678 1.121230
5600  1  3.135333  0.536794 1.515581 1.121230
5700  1  2.533252  0.512663 1.575165 1.121230
5800  1  2.046010  0.488537 1.639804 1.121230
5900  1  1.651676  0.464439 1.709917 1.121230
6000  1  1.332549  0.440386 1.785967 1.121230
6100  1  1.074326  0.416383 1.868477 1.121230
6200  0  0.865439  0.392426 1.958030 1.121230
6300  0  0.696528  0.368495 2.055279 1.121230
6400  0  0.560009  0.344551 2.160963 1.121230
6500  0  0.449737  0.320529 2.275914 1.121230
6600  0  0.360730  0.296335 2.401075 1.121230
6700  0  0.288945  0.271833 2.537521 1.121230
6800  0  0.231106  0.246839 2.686479 1.121230
6900  0  0.184551  0.221099 2.849356 1.121230
7000  0  0.147123  0.194276 3.027778 1.121230
7100  0  0.117072  0.168303 3.223631 1.121230
7200  0  0.092978  0.144326 3.439115 1.121230
7300  0  0.073689  0.122439 3.676818 1.121230
7400  0  0.058272  0.102694 3.939801 1.121230
7500  0  0.045973  0.085101 4.231717 1.121230
7600  0  0.036179  0.069626 4.556955 1.121230
7700  0  0.028397  0.056201 4.920838 1.121230
7800  0  0.022227  0.044721 5.329879 1.121230
7900  0  0.017346  0.035051 5.792120 1.121230
8000  0  0.013494  0.027035 6.317588 1.121230
8100  0  0.010463  0.020502 6.918910 1.121230
8200  0  0.008085  0.015271 7.612145 1.121230
8300  0  0.006224  0.011161 8.417929 1.121230
8400  0  0.004773  0.007994 9.363052 1.121230
8500  0  0.003646  0.005605 10.482652 1.121230
8600  0  0.002772  0.003842 11.823301 1.121230
8700  0  0.002098  0.002571 13.447356 1.121230
8800  0  0.001581  0.001677 15.439179 1.121230
8900  0  0.001185  0.001065 17.861020 1.121230
