STMin::Observed_Data::Expected_Bkg::Shape_Unc_down::Shap_Unc_up::Norm_Unc
2500  73902  74641.205951  0.983059 1.004616 1.015627
2600  54751  54685.027520  0.986690 1.005533 1.015627
2700  40704  40317.112799  0.987692 1.007235 1.015627
2800  30337  29895.418724  0.987891 1.008565 1.015627
2900  22759  22284.408901  0.987647 1.009360 1.015627
3000  17104  16691.161436  0.986685 1.009625 1.015627
3100  12923  12557.018553  0.984717 1.009550 1.015627
3200  9875  9485.105611  0.981777 1.009335 1.015627
3300  7509  7191.312131  0.978074 1.009208 1.015627
3400  5730  5470.801980  0.973813 1.009432 1.015627
3500  4391  4174.915916  0.968831 1.010321 1.015627
3600  3353  3195.100697  0.962884 1.011849 1.015627
3700  2578  2451.634814  0.955616 1.013387 1.015627
3800  1993  1885.658172  0.946538 1.015209 1.015627
3900  1531  1453.496734  0.935390 1.017545 1.015627
4000  1190  1122.593959  0.923239 1.020715 1.015627
4100  922  868.575562  0.910194 1.025145 1.015627
4200  713  673.119259  0.896275 1.031398 1.015627
4300  557  522.400048  0.881503 1.039297 1.015627
4400  445  405.949546  0.865898 1.049160 1.015627
4500  354  315.814933  0.849480 1.060818 1.015627
4600  284  245.935922  0.832271 1.073999 1.015627
4700  218  191.681182  0.814293 1.088893 1.015627
4800  173  149.501984  0.795571 1.105758 1.015627
4900  137  116.672407  0.776132 1.124942 1.015627
5000  97  91.093756  0.756003 1.146559 1.015627
5100  78  71.146800  0.735218 1.170651 1.015627
5200  60  55.579783  0.713808 1.197432 1.015627
5300  46  43.423276  0.691810 1.227139 1.015627
5400  35  33.925253  0.669261 1.260039 1.015627
5500  31  26.501454  0.646200 1.296431 1.015627
5600  22  20.697332  0.622668 1.336651 1.015627
5700  14  16.158817  0.598704 1.381079 1.015627
5800  11  12.609797  0.574345 1.430145 1.015627
5900  9  9.834742  0.549628 1.484335 1.015627
6000  6  7.665268  0.524582 1.544205 1.015627
6100  5  5.969723  0.499229 1.610386 1.015627
6200  4  4.645113  0.473579 1.683599 1.015627
6300  4  3.610824  0.447624 1.764673 1.015627
6400  1  2.803730  0.421334 1.854558 1.015627
6500  1  2.174390  0.394648 1.954350 1.015627
6600  1  1.684073  0.367462 2.065313 1.015627
6700  1  1.302435  0.339614 2.188916 1.015627
6800  1  1.005709  0.310866 2.326861 1.015627
6900  0  0.775278  0.280878 2.481138 1.015627
7000  0  0.596564  0.249173 2.654071 1.015627
7100  0  0.458160  0.216343 2.848390 1.015627
7200  0  0.351140  0.185810 3.067312 1.015627
7300  0  0.268527  0.157751 3.314636 1.015627
7400  0  0.204871  0.132299 3.594877 1.015627
7500  0  0.155917  0.109526 3.913409 1.015627
7600  0  0.118349  0.089438 4.276665 1.015627
7700  0  0.089583  0.071983 4.692374 1.015627
7800  0  0.067608  0.057052 5.169862 1.015627
7900  0  0.050865  0.044490 5.720439 1.015627
8000  0  0.038142  0.034102 6.357882 1.015627
8100  0  0.028502  0.025669 7.099062 1.015627
8200  0  0.021220  0.018953 7.964741 1.015627
8300  0  0.015737  0.013712 8.980616 1.015627
8400  0  0.011623  0.009708 10.178668 1.015627
8500  0  0.008548  0.006718 11.598934 1.015627
8600  0  0.006257  0.004537 13.291852 1.015627
8700  0  0.004558  0.002987 15.321371 1.015627
8800  0  0.003303  0.001913 17.769125 1.015627
8900  0  0.002381  0.001190 20.740059 1.015627
