STMin::Observed_Data::Expected_Bkg::Shape_Unc_down::Shap_Unc_up::Norm_Unc
2500  35181  37645.768344  0.985247 1.010987 1.020259
2600  26901  28310.710145  0.989079 1.014161 1.020259
2700  20578  21436.547553  0.989263 1.018354 1.020259
2800  15807  16332.170614  0.987215 1.022131 1.020259
2900  12145  12513.083570  0.983779 1.024020 1.020259
3000  9415  9635.825827  0.979383 1.024220 1.020259
3100  7291  7454.408458  0.973657 1.023132 1.020259
3200  5674  5790.981456  0.966276 1.021174 1.020259
3300  4441  4515.834404  0.957274 1.018794 1.020259
3400  3514  3533.601724  0.947042 1.016485 1.020259
3500  2730  2773.644514  0.935904 1.014803 1.020259
3600  2129  2183.276854  0.923813 1.014386 1.020259
3700  1650  1722.950552  0.910646 1.015978 1.020259
3800  1306  1362.802066  0.896220 1.019118 1.020259
3900  1028  1080.155965  0.880337 1.022994 1.020259
4000  820  857.706097  0.862895 1.027863 1.020259
4100  643  682.180970  0.844700 1.034051 1.020259
4200  505  543.357821  0.825901 1.041976 1.020259
4300  403  433.329664  0.806562 1.051990 1.020259
4400  320  345.957160  0.786738 1.063941 1.020259
4500  251  276.456411  0.766479 1.078245 1.020259
4600  203  221.087327  0.745834 1.094625 1.020259
4700  160  176.916880  0.724846 1.112849 1.020259
4800  132  141.638387  0.703556 1.133066 1.020259
4900  105  113.432976  0.682004 1.155468 1.020259
5000  80  90.862936  0.660224 1.180305 1.020259
5100  59  72.789294  0.638250 1.207907 1.020259
5200  48  58.307888  0.616115 1.238706 1.020259
5300  41  46.699613  0.593848 1.273265 1.020259
5400  29  37.391565  0.571476 1.312322 1.020259
5500  27  29.926612  0.549021 1.355658 1.020259
5600  19  23.939492  0.526504 1.403639 1.020259
5700  16  19.137986  0.503939 1.456752 1.020259
5800  14  15.288060  0.481336 1.515551 1.020259
5900  12  12.202098  0.458694 1.580669 1.020259
6000  9  9.729577  0.436004 1.652829 1.020259
6100  8  7.749646  0.413242 1.732862 1.020259
6200  8  6.165230  0.390369 1.821720 1.020259
6300  8  4.898317  0.367322 1.920504 1.020259
6400  4  3.886199  0.344007 2.030485 1.020259
6500  4  3.078457  0.320295 2.153137 1.020259
6600  4  2.434557  0.296006 2.290174 1.020259
6700  4  1.921913  0.270892 2.443594 1.020259
6800  3  1.514331  0.244623 2.615738 1.020259
6900  3  1.190768  0.217586 2.809352 1.020259
7000  3  0.934323  0.191960 3.027672 1.020259
7100  3  0.731430  0.167856 3.274526 1.020259
7200  2  0.571209  0.145405 3.554454 1.020259
7300  2  0.444942  0.124709 3.872868 1.020259
7400  2  0.345648  0.105838 4.236240 1.020259
7500  2  0.267745  0.088826 4.652344 1.020259
7600  2  0.206774  0.073673 5.130561 1.020259
7700  2  0.159181  0.060347 5.682257 1.020259
7800  2  0.122131  0.048782 6.321272 1.020259
7900  2  0.093375  0.038885 7.064537 1.020259
8000  1  0.071124  0.030540 7.932874 1.020259
8100  1  0.053963  0.023613 8.952021 1.020259
8200  1  0.040775  0.017957 10.153970 1.020259
8300  1  0.030676  0.013417 11.578714 1.020259
8400  1  0.022973  0.009840 13.276547 1.020259
8500  0  0.017122  0.007076 15.311113 1.020259
8600  0  0.012696  0.004983 17.763470 1.020259
8700  0  0.009364  0.003432 20.737567 1.020259
8800  0  0.006868  0.002308 24.367648 1.020259
8900  0  0.005007  0.001514 28.828383 1.020259
