STMin::Observed_Data::Expected_Bkg::Shape_Unc_down::Shap_Unc_up::Norm_Unc
2500  48441  48931.124752  0.988838 1.009492 1.017221
2600  36757  36737.254938  0.990266 1.010358 1.017221
2700  27856  27757.041251  0.988832 1.012323 1.017221
2800  21213  21094.202867  0.986131 1.014432 1.017221
2900  16258  16116.731946  0.982891 1.015829 1.017221
3000  12467  12374.685318  0.978683 1.016429 1.017221
3100  9574  9544.881471  0.973556 1.016282 1.017221
3200  7395  7393.266664  0.967380 1.015621 1.017221
3300  5715  5749.029312  0.960438 1.014704 1.017221
3400  4474  4486.616495  0.952898 1.013829 1.017221
3500  3511  3513.123252  0.944650 1.013342 1.017221
3600  2711  2759.371905  0.935481 1.013653 1.017221
3700  2135  2173.549805  0.925094 1.015256 1.017221
3800  1690  1716.636720  0.913094 1.017048 1.017221
3900  1314  1359.094597  0.898969 1.019156 1.017221
4000  1024  1078.454826  0.883168 1.021808 1.017221
4100  800  857.548312  0.866489 1.025305 1.017221
4200  618  683.199212  0.848971 1.030039 1.017221
4300  476  545.255336  0.830654 1.036288 1.017221
4400  373  435.864509  0.811574 1.043843 1.017221
4500  291  348.931740  0.791773 1.052946 1.017221
4600  224  279.710033  0.771291 1.063029 1.017221
4700  180  224.490504  0.750170 1.074017 1.017221
4800  146  180.366679  0.728455 1.085959 1.017221
4900  112  145.054476  0.706191 1.098938 1.017221
5000  91  116.754158  0.683426 1.113077 1.017221
5100  79  94.044088  0.660210 1.128551 1.017221
5200  66  75.798658  0.636594 1.145608 1.017221
5300  50  61.124683  0.612631 1.164587 1.017221
5400  41  49.311944  0.588376 1.185945 1.017221
5500  31  39.794611  0.563884 1.210292 1.017221
5600  22  32.121077  0.539208 1.237867 1.017221
5700  18  25.930287  0.514405 1.267964 1.017221
5800  17  20.933132  0.489526 1.300946 1.017221
5900  16  16.897770  0.464623 1.337071 1.017221
6000  13  13.638035  0.439741 1.376627 1.017221
6100  9  11.004254  0.414922 1.419938 1.017221
6200  7  8.875951  0.390198 1.467367 1.017221
6300  5  7.156058  0.365595 1.519325 1.017221
6400  3  5.766288  0.341122 1.576272 1.017221
6500  2  4.643453  0.316775 1.638733 1.017221
6600  2  3.736511  0.292527 1.707301 1.017221
6700  2  3.004206  0.268325 1.782650 1.017221
6800  1  2.413173  0.244085 1.865549 1.017221
6900  1  1.936418  0.219680 1.956878 1.017221
7000  0  1.552089  0.194928 2.057644 1.017221
7100  0  1.242499  0.169584 2.169004 1.017221
7200  0  0.993322  0.144239 2.292292 1.017221
7300  0  0.792960  0.121302 2.429050 1.017221
7400  0  0.632019  0.100754 2.581065 1.017221
7500  0  0.502893  0.082594 2.750417 1.017221
7600  0  0.399424  0.066773 2.939532 1.017221
7700  0  0.316630  0.053196 3.151251 1.017221
7800  0  0.250479  0.041726 3.388914 1.017221
7900  0  0.197712  0.032195 3.656460 1.017221
8000  0  0.155696  0.024413 3.958554 1.017221
8100  0  0.122302  0.018175 4.300742 1.017221
8200  0  0.095817  0.013270 4.689646 1.017221
8300  0  0.074855  0.009491 5.133210 1.017221
8400  0  0.058305  0.006642 5.641001 1.017221
8500  0  0.045270  0.004541 6.224602 1.017221
8600  0  0.035031  0.003030 6.898106 1.017221
8700  0  0.027011  0.001970 7.678744 1.017221
8800  0  0.020749  0.001246 8.587707 1.017221
8900  0  0.015874  0.000765 9.651196 1.017221
