STMin::Observed_Data::Expected_Bkg::Shape_Unc_down::Shap_Unc_up::Norm_Unc
2500  2450  3270.943005  0.896850 1.008580 1.142201
2600  1913  2457.138702  0.899481 1.010851 1.142201
2700  1468  1858.152082  0.899414 1.014010 1.142201
2800  1146  1413.709502  0.898185 1.016797 1.142201
2900  887  1081.501630  0.896564 1.018285 1.142201
3000  719  831.509623  0.894362 1.018575 1.142201
3100  576  642.223855  0.891385 1.017978 1.142201
3200  446  498.091035  0.887518 1.016816 1.142201
3300  350  387.769826  0.882983 1.015434 1.142201
3400  296  302.925563  0.878079 1.014210 1.142201
3500  238  237.388764  0.872730 1.013572 1.142201
3600  195  186.561928  0.866777 1.014016 1.142201
3700  148  146.997574  0.859978 1.016126 1.142201
3800  117  116.095536  0.851999 1.019023 1.142201
3900  87  91.884089  0.842395 1.022584 1.142201
4000  65  72.860523  0.831159 1.027068 1.142201
4100  55  57.874190  0.819417 1.032808 1.142201
4200  42  46.040166  0.807108 1.040229 1.142201
4300  34  36.675103  0.794252 1.049647 1.142201
4400  29  29.249309  0.780870 1.060889 1.142201
4500  21  23.350735  0.766976 1.074254 1.142201
4600  17  18.657795  0.752587 1.089213 1.142201
4700  16  14.918732  0.737714 1.105729 1.142201
4800  13  11.935891  0.722371 1.123902 1.142201
4900  11  9.553684  0.706569 1.143869 1.142201
5000  7  7.649338  0.690320 1.165814 1.142201
5100  4  6.125748  0.673636 1.189982 1.142201
5200  3  4.905958  0.656527 1.216703 1.142201
5300  2  3.928857  0.639006 1.246415 1.142201
5400  2  3.145833  0.621083 1.279701 1.142201
5500  2  2.518155  0.602769 1.317326 1.142201
5600  2  2.014920  0.584074 1.360062 1.142201
5700  2  1.611436  0.565006 1.407487 1.142201
5800  2  1.287955  0.545570 1.459896 1.142201
5900  1  1.028662  0.525768 1.517821 1.142201
6000  1  0.820884  0.505596 1.581866 1.142201
6100  1  0.654455  0.485042 1.652723 1.142201
6200  0  0.521219  0.464084 1.731180 1.142201
6300  0  0.414623  0.442686 1.818143 1.142201
6400  0  0.329407  0.420789 1.914655 1.142201
6500  0  0.261341  0.398313 2.021914 1.142201
6600  0  0.207028  0.375140 2.141308 1.142201
6700  0  0.163737  0.351107 2.274446 1.142201
6800  0  0.129273  0.325990 2.423197 1.142201
6900  0  0.101874  0.299483 2.589738 1.142201
7000  0  0.080122  0.271178 2.776619 1.142201
7100  0  0.062882  0.240519 2.986829 1.142201
7200  0  0.049240  0.209951 3.223884 1.142201
7300  0  0.038467  0.181309 3.491939 1.142201
7400  0  0.029974  0.154802 3.795915 1.142201
7500  0  0.023295  0.130584 4.141663 1.142201
7600  0  0.018053  0.108754 4.536166 1.142201
7700  0  0.013949  0.089352 4.987788 1.142201
7800  0  0.010744  0.072365 5.506586 1.142201
7900  0  0.008248  0.057721 6.104699 1.142201
8000  0  0.006310  0.045303 6.796844 1.142201
8100  0  0.004809  0.034953 7.600928 1.142201
8200  0  0.003651  0.026484 8.538839 1.142201
8300  0  0.002761  0.019684 9.637443 1.142201
8400  0  0.002079  0.014335 10.929865 1.142201
8500  0  0.001558  0.010216 12.457126 1.142201
8600  0  0.001162  0.007116 14.270258 1.142201
8700  0  0.000862  0.004837 16.433042 1.142201
8800  0  0.000636  0.003204 19.025551 1.142201
8900  0  0.000467  0.002065 22.148787 1.142201
9000  0  0.000341  0.001292 25.930722 1.142201
9100  0  0.000247  0.000784 30.534237 1.142201
9200  0  0.000178  0.000460 36.167540 1.142201
9300  0  0.000127  0.000261 43.097871 1.142201
9400  0  0.000090  0.000142 51.669546 1.142201
9500  0  0.000064  0.000075 62.327654 1.142201
9600  0  0.000044  0.000037 75.649101 1.142201
9700  0  0.000031  0.000018 92.383000 1.142201
9800  0  0.000021  0.000008 113.502704 1.142201
9900  0  0.000014  0.000004 140.271732 1.142201
