STMin::Observed_Data::Expected_Bkg::Shape_Unc_down::Shap_Unc_up::Norm_Unc
2500  325  160.097513  0.974107 1.032432 2.006920
2600  264  116.138479  0.980815 1.043330 2.006920
2700  215  84.712140  0.983060 1.056979 2.006920
2800  174  62.104837  0.982925 1.070144 2.006920
2900  131  45.747260  0.980611 1.086857 2.006920
3000  101  33.847710  0.975169 1.108858 2.006920
3100  83  25.147554  0.967608 1.132724 2.006920
3200  65  18.756578  0.958496 1.159528 2.006920
3300  53  14.041129  0.950683 1.190486 2.006920
3400  49  10.547489  0.944795 1.227187 2.006920
3500  39  7.948965  0.940881 1.271701 2.006920
3600  34  6.009100  0.938713 1.326720 2.006920
3700  23  4.555905  0.937777 1.394727 2.006920
3800  16  3.463705  0.937229 1.476608 2.006920
3900  6  2.640267  0.935831 1.576337 2.006920
4000  2  2.017620  0.931857 1.698974 2.006920
4100  1  1.545481  0.922959 1.851053 2.006920
4200  0  1.186514  0.907938 2.040790 2.006920
4300  0  0.912897  0.891305 2.277571 2.006920
4400  0  0.703832  0.873241 2.574186 2.006920
4500  0  0.543719  0.853751 2.942795 2.006920
4600  0  0.420826  0.832856 3.401857 2.006920
4700  0  0.326302  0.810586 3.974761 2.006920
4800  0  0.253450  0.786988 4.691031 2.006920
4900  0  0.197192  0.762120 5.587909 2.006920
5000  0  0.153669  0.736052 6.712340 2.006920
5100  0  0.119937  0.708871 8.123461 2.006920
5200  0  0.093749  0.680673 9.895713 2.006920
5300  0  0.073383  0.651568 12.122727 2.006920
5400  0  0.057522  0.621678 14.913473 2.006920
5500  0  0.045148  0.591131 18.389641 2.006920
5600  0  0.035482  0.560066 22.722423 2.006920
5700  0  0.027920  0.528626 28.121786 2.006920
5800  0  0.021996  0.496959 34.848510 2.006920
5900  0  0.017349  0.465212 43.226249 2.006920
6000  0  0.013699  0.433531 53.656409 2.006920
6100  0  0.010829  0.402055 66.636468 2.006920
6200  0  0.008569  0.370914 82.782504 2.006920
6300  0  0.006787  0.340224 102.856909 2.006920
6400  0  0.005382  0.310084 127.802403 2.006920
6500  0  0.004271  0.280569 158.783777 2.006920
6600  0  0.003393  0.251727 197.239057 2.006920
6700  0  0.002698  0.223568 244.942139 2.006920
6800  0  0.002147  0.196066 304.079398 2.006920
6900  0  0.001710  0.169142 377.343271 2.006920
7000  0  0.001363  0.142663 468.046445 2.006920
7100  0  0.001087  0.117348 580.260992 2.006920
7200  0  0.000868  0.095280 718.987700 2.006920
7300  0  0.000694  0.076209 890.361832 2.006920
7400  0  0.000555  0.059998 1101.902797 2.006920
7500  0  0.000444  0.046453 1362.816598 2.006920
7600  0  0.000355  0.035337 1684.361601 2.006920
7700  0  0.000285  0.026387 2080.290082 2.006920
7800  0  0.000228  0.019321 2567.380203 2.006920
7900  0  0.000183  0.013858 3166.075624 2.006920
8000  0  0.000147  0.009725 3901.252836 2.006920
8100  0  0.000118  0.006670 4803.139552 2.006920
8200  0  0.000095  0.004464 5908.411135 2.006920
8300  0  0.000076  0.002912 7261.496115 2.006920
8400  0  0.000061  0.001849 8916.126266 2.006920
8500  0  0.000049  0.001141 10937.171586 2.006920
8600  0  0.000040  0.000683 13402.805735 2.006920
8700  0  0.000032  0.000396 16407.053080 2.006920
8800  0  0.000026  0.000222 20062.774430 2.006920
8900  0  0.000021  0.000120 24505.154804 2.006920
9000  0  0.000017  0.000063 29895.763264 2.006920
9100  0  0.000013  0.000031 36427.261985 2.006920
9200  0  0.000011  0.000015 44328.849631 2.006920
9300  0  0.000009  0.000007 53872.533133 2.006920
9400  0  0.000007  0.000003 65380.332719 2.006920
9500  0  0.000006  0.000001 79232.538622 2.006920
9600  0  0.000004  0.000000 95877.155531 2.006920
9700  0  0.000004  0.000000 115840.694591 2.006920
9800  0  0.000003  0.000000 139740.505090 2.006920
9900  0  0.000002  0.000000 168298.882101 2.006920
