STMin::Observed_Data::Expected_Bkg::Shape_Unc_down::Shap_Unc_up::Norm_Unc
2500  20376  21402.915682  0.990445 1.015813 1.018343
2600  15599  16087.531563  0.990646 1.018139 1.018343
2700  11910  12166.580363  0.989056 1.021484 1.018343
2800  9194  9252.360736  0.988115 1.025048 1.018343
2900  7143  7071.494521  0.986895 1.028254 1.018343
3000  5566  5429.223186  0.984442 1.031471 1.018343
3100  4287  4185.481603  0.980110 1.035162 1.018343
3200  3318  3238.659787  0.974588 1.039849 1.018343
3300  2544  2514.452438  0.968008 1.046131 1.018343
3400  1999  1958.118600  0.960162 1.054720 1.018343
3500  1587  1529.054086  0.950597 1.065372 1.018343
3600  1231  1196.949795  0.938685 1.078747 1.018343
3700  971  939.048677  0.923965 1.096009 1.018343
3800  776  738.171144  0.906938 1.117393 1.018343
3900  604  581.282770  0.887183 1.143730 1.018343
4000  470  458.447955  0.864140 1.174743 1.018343
4100  366  362.060417  0.837090 1.210267 1.018343
4200  286  286.273735  0.805896 1.250682 1.018343
4300  224  226.577469  0.772545 1.296410 1.018343
4400  176  179.479893  0.737371 1.347930 1.018343
4500  139  142.269304  0.700714 1.405780 1.018343
4600  106  112.833583  0.662927 1.470571 1.018343
4700  79  89.523156  0.624370 1.542995 1.018343
4800  64  71.046486  0.585401 1.623837 1.018343
4900  52  56.390045  0.546367 1.713990 1.018343
5000  37  44.756805  0.507599 1.814470 1.018343
5100  25  35.518793  0.469407 1.926434 1.018343
5200  22  28.180380  0.432075 2.051201 1.018343
5300  17  22.349771  0.395857 2.190279 1.018343
5400  14  17.716827  0.360972 2.345386 1.018343
5500  11  14.035736  0.327608 2.518492 1.018343
5600  9  11.111459  0.295917 2.711853 1.018343
5700  8  8.789099  0.266015 2.928058 1.018343
5800  7  6.945538  0.237985 3.170081 1.018343
5900  6  5.482854  0.211879 3.441347 1.018343
6000  4  4.323125  0.187718 3.745804 1.018343
6100  4  3.404315  0.165496 4.088014 1.018343
6200  3  2.677029  0.145183 4.473255 1.018343
6300  3  2.101928  0.126728 4.907647 1.018343
6400  2  1.647680  0.110063 5.398299 1.018343
6500  2  1.289338  0.095103 5.953489 1.018343
6600  1  1.007041  0.081755 6.582874 1.018343
6700  1  0.784984  0.069916 7.297742 1.018343
6800  1  0.610593  0.059477 8.111325 1.018343
6900  1  0.473877  0.050327 9.039163 1.018343
7000  0  0.366896  0.042356 10.099554 1.018343
7100  0  0.283351  0.035452 11.314096 1.018343
7200  0  0.218248  0.029509 12.708349 1.018343
7300  0  0.167631  0.024423 14.312643 1.018343
7400  0  0.128373  0.020098 16.163068 1.018343
7500  0  0.098002  0.016442 18.302689 1.018343
7600  0  0.074571  0.013371 20.783051 1.018343
7700  0  0.056547  0.010808 23.666040 1.018343
7800  0  0.042723  0.008682 27.026194 1.018343
7900  0  0.032156  0.006929 30.953599 1.018343
8000  0  0.024105  0.005495 35.557509 1.018343
8100  0  0.017994  0.004328 40.970924 1.018343
8200  0  0.013372  0.003386 47.356368 1.018343
8300  0  0.009891  0.002630 54.913270 1.018343
8400  0  0.007281  0.002028 63.887390 1.018343
8500  0  0.005331  0.001553 74.582978 1.018343
8600  0  0.003883  0.001179 87.378529 1.018343
8700  0  0.002812  0.000889 102.747357 1.018343
8800  0  0.002024  0.000664 121.284651 1.018343
8900  0  0.001447  0.000492 143.743372 1.018343
