STMin::Observed_Data::Expected_Bkg::Shape_Unc_down::Shap_Unc_up::Norm_Unc
2500  2454  5331.910396  0.728525 1.006170 1.183021
2600  1929  3865.301172  0.737797 1.007777 1.183021
2700  1483  2820.930832  0.745622 1.010362 1.183021
2800  1141  2071.363445  0.754664 1.012450 1.183021
2900  893  1529.491776  0.764110 1.013392 1.183021
3000  689  1135.166419  0.772969 1.013372 1.183021
3100  538  846.461872  0.780295 1.012654 1.183021
3200  423  633.901039  0.785614 1.011549 1.183021
3300  333  476.592374  0.790192 1.010435 1.183021
3400  245  359.618856  0.793917 1.009772 1.183021
3500  195  272.255711  0.796645 1.010128 1.183021
3600  157  206.742644  0.798305 1.011606 1.183021
3700  122  157.430825  0.798540 1.013137 1.183021
3800  97  120.185474  0.796869 1.014990 1.183021
3900  73  91.964338  0.792642 1.017420 1.183021
4000  58  70.518173  0.785916 1.020778 1.183021
4100  40  54.176522  0.776756 1.025538 1.183021
4200  30  41.693547  0.764695 1.032325 1.183021
4300  22  32.136439  0.749133 1.040900 1.183021
4400  17  24.804201  0.729306 1.051682 1.183021
4500  12  19.168236  0.704232 1.063995 1.183021
4600  11  14.828677  0.675140 1.077867 1.183021
4700  11  11.482136  0.643958 1.093477 1.183021
4800  6  8.897788  0.611050 1.111067 1.183021
4900  6  6.899567  0.576795 1.130972 1.183021
5000  3  5.352850  0.541584 1.153642 1.183021
5100  3  4.154480  0.505805 1.179150 1.183021
5200  2  3.225246  0.469840 1.207591 1.183021
5300  1  2.504212  0.434052 1.239250 1.183021
5400  1  1.944420  0.398781 1.274457 1.183021
5500  1  1.509626  0.364339 1.313588 1.183021
5600  1  1.171814  0.331001 1.357076 1.183021
5700  1  0.909304  0.299009 1.405427 1.183021
5800  1  0.705297  0.268560 1.459227 1.183021
5900  1  0.546762  0.239817 1.519166 1.183021
6000  1  0.423584  0.212896 1.586055 1.183021
6100  1  0.327905  0.187880 1.660859 1.183021
6200  0  0.253614  0.164812 1.744726 1.183021
6300  0  0.195961  0.143700 1.839039 1.183021
6400  0  0.151246  0.124525 1.945468 1.183021
6500  0  0.116592  0.107239 2.066046 1.183021
6600  0  0.089758  0.091771 2.200334 1.183021
6700  0  0.068999  0.078033 2.350162 1.183021
6800  0  0.052957  0.065921 2.517722 1.183021
6900  0  0.040576  0.055323 2.705583 1.183021
7000  0  0.031033  0.046118 2.916760 1.183021
7100  0  0.023688  0.038182 3.154806 1.183021
7200  0  0.018044  0.031393 3.423927 1.183021
7300  0  0.013713  0.025629 3.729115 1.183021
7400  0  0.010398  0.020773 4.076323 1.183021
7500  0  0.007864  0.016712 4.472676 1.183021
7600  0  0.005932  0.013345 4.926740 1.183021
7700  0  0.004462  0.010574 5.448855 1.183021
7800  0  0.003346  0.008312 6.051566 1.183021
7900  0  0.002501  0.006481 6.750156 1.183021
8000  0  0.001863  0.005012 7.563346 1.183021
8100  0  0.001383  0.003843 8.514176 1.183021
8200  0  0.001023  0.002921 9.631161 1.183021
8300  0  0.000754  0.002200 10.949784 1.183021
8400  0  0.000553  0.001641 12.514454 1.183021
8500  0  0.000404  0.001213 14.381097 1.183021
8600  0  0.000294  0.000887 16.620576 1.183021
8700  0  0.000212  0.000642 19.323284 1.183021
8800  0  0.000153  0.000460 22.605324 1.183021
8900  0  0.000109  0.000325 26.616897 1.183021
