STMin::Observed_Data::Expected_Bkg::Shape_Unc_down::Shap_Unc_up::Norm_Unc
2500  36412  36466.213194  0.979457 1.024278 1.026486
2600  26909  26358.623542  0.988206 1.032703 1.026486
2700  20114  19194.503009  0.991507 1.043957 1.026486
2800  15038  14073.306816  0.990545 1.056353 1.026486
2900  11367  10383.628208  0.988232 1.070289 1.026486
3000  8635  7705.953718  0.984971 1.082252 1.026486
3100  6538  5749.601321  0.980254 1.092982 1.026486
3200  4984  4311.313959  0.974356 1.102789 1.026486
3300  3748  3247.755610  0.968504 1.112062 1.026486
3400  2884  2457.043860  0.962905 1.121289 1.026486
3500  2208  1866.224374  0.957413 1.131087 1.026486
3600  1703  1422.694950  0.951709 1.142008 1.026486
3700  1324  1088.281585  0.945276 1.152974 1.026486
3800  1036  835.112318  0.937374 1.164228 1.026486
3900  802  642.720728  0.926990 1.176183 1.026486
4000  597  495.997622  0.912783 1.189393 1.026486
4100  466  383.732452  0.897283 1.204587 1.026486
4200  365  297.567850  0.880814 1.222714 1.026486
4300  280  231.245625  0.863409 1.243666 1.026486
4400  223  180.059780  0.845098 1.268368 1.026486
4500  176  140.457497  0.825916 1.296799 1.026486
4600  135  109.746543  0.805900 1.329411 1.026486
4700  104  85.879633  0.785087 1.367154 1.026486
4800  77  67.294770  0.763521 1.411249 1.026486
4900  59  52.796491  0.741246 1.463258 1.026486
5000  44  41.467170  0.718310 1.525185 1.026486
5100  35  32.600498  0.694767 1.599599 1.026486
5200  28  25.651406  0.670672 1.689788 1.026486
5300  19  20.198233  0.646082 1.792303 1.026486
5400  14  15.914034  0.621061 1.906394 1.026486
5500  11  12.544765  0.595672 2.033327 1.026486
5600  9  9.892629  0.569981 2.174537 1.026486
5700  7  7.803336  0.544056 2.331649 1.026486
5800  7  6.156323  0.517965 2.506501 1.026486
5900  5  4.857231  0.491774 2.701179 1.026486
6000  3  3.832096  0.465548 2.918045 1.026486
6100  3  3.022865  0.439346 3.159785 1.026486
6200  3  2.383912  0.413224 3.429445 1.026486
6300  3  1.879340  0.387226 3.730490 1.026486
6400  1  1.480877  0.361386 4.066865 1.026486
6500  1  1.166232  0.335720 4.443060 1.026486
6600  1  0.917819  0.310226 4.864199 1.026486
6700  1  0.721753  0.284873 5.336128 1.026486
6800  1  0.567065  0.259596 5.865527 1.026486
6900  1  0.445083  0.234283 6.460041 1.026486
7000  0  0.348952  0.208766 7.128425 1.026486
7100  0  0.273247  0.182803 7.880717 1.026486
7200  0  0.213678  0.156053 8.728445 1.026486
7300  0  0.166850  0.129300 9.684862 1.026486
7400  0  0.130077  0.105696 10.765222 1.026486
7500  0  0.101234  0.085111 11.987110 1.026486
7600  0  0.078641  0.067453 13.370827 1.026486
7700  0  0.060969  0.052565 14.939839 1.026486
7800  0  0.047167  0.040238 16.721312 1.026486
7900  0  0.036406  0.030227 18.746748 1.026486
8000  0  0.028032  0.022257 21.052731 1.026486
8100  0  0.021529  0.016045 23.681818 1.026486
8200  0  0.016488  0.011311 26.683602 1.026486
8300  0  0.012590  0.007787 30.115975 1.026486
8400  0  0.009584  0.005227 34.046648 1.026486
8500  0  0.007272  0.003417 38.554966 1.026486
8600  0  0.005497  0.002171 43.734106 1.026486
8700  0  0.004141  0.001339 49.693723 1.026486
8800  0  0.003106  0.000800 56.563163 1.026486
8900  0  0.002320  0.000462 64.495371 1.026486
