STMin::Observed_Data::Expected_Bkg::Shape_Unc_down::Shap_Unc_up::Norm_Unc
2500  24685  26851.888187  0.946305 1.012724 1.037174
2600  18364  19409.166736  0.958982 1.016718 1.037174
2700  13748  14133.868133  0.967956 1.022006 1.037174
2800  10315  10362.876425  0.974835 1.026416 1.037174
2900  7857  7645.982382  0.979638 1.031800 1.037174
3000  5985  5674.277352  0.981630 1.037666 1.037174
3100  4547  4233.717688  0.979930 1.044558 1.037174
3200  3486  3174.635100  0.974352 1.053331 1.037174
3300  2620  2391.484140  0.968501 1.062370 1.037174
3400  2036  1809.243714  0.962902 1.071423 1.037174
3500  1573  1374.193914  0.957410 1.081093 1.037174
3600  1211  1047.601119  0.951706 1.091929 1.037174
3700  941  801.355910  0.945274 1.102927 1.037174
3800  730  614.934774  0.937372 1.114353 1.037174
3900  563  473.267269  0.926989 1.126644 1.037174
4000  422  365.227742  0.912783 1.140383 1.037174
4100  331  282.561308  0.897283 1.156334 1.037174
4200  258  219.114022  0.880814 1.175487 1.037174
4300  197  170.277666  0.863409 1.197852 1.037174
4400  154  132.586980  0.845098 1.224447 1.037174
4500  119  103.425848  0.825916 1.255427 1.037174
4600  90  80.811843  0.805899 1.291444 1.037174
4700  68  63.237449  0.785087 1.333683 1.037174
4800  54  49.552489  0.763521 1.383661 1.037174
4900  43  38.876685  0.741246 1.443315 1.037174
5000  33  30.534342  0.718310 1.515120 1.037174
5100  27  24.005369  0.694767 1.597719 1.037174
5200  22  18.888407  0.670671 1.689780 1.037174
5300  17  14.872964  0.646082 1.792295 1.037174
5400  13  11.718296  0.621061 1.906385 1.037174
5500  10  9.237335  0.595671 2.033317 1.037174
5600  8  7.284435  0.569981 2.174526 1.037174
5700  7  5.745985  0.544056 2.331637 1.037174
5800  7  4.533207  0.517965 2.506488 1.037174
5900  5  3.576621  0.491774 2.701164 1.037174
6000  3  2.821763  0.465548 2.918029 1.037174
6100  3  2.225886  0.439346 3.159766 1.037174
6200  3  1.755393  0.413224 3.429423 1.037174
6300  3  1.383852  0.387226 3.730465 1.037174
6400  1  1.090443  0.361386 4.066836 1.037174
6500  1  0.858754  0.335720 4.443027 1.037174
6600  1  0.675836  0.310226 4.864160 1.037174
6700  1  0.531463  0.284873 5.336081 1.037174
6800  1  0.417558  0.259596 5.865472 1.037174
6900  1  0.327737  0.234283 6.459976 1.037174
7000  0  0.256951  0.208766 7.128346 1.037174
7100  0  0.201205  0.182803 7.880622 1.037174
7200  0  0.157342  0.156053 8.728329 1.037174
7300  0  0.122860  0.129300 9.684720 1.037174
7400  0  0.095782  0.105696 10.765046 1.037174
7500  0  0.074544  0.085111 11.986893 1.037174
7600  0  0.057907  0.067453 13.370556 1.037174
7700  0  0.044894  0.052565 14.939499 1.037174
7800  0  0.034731  0.040238 16.720884 1.037174
7900  0  0.026808  0.030227 18.746206 1.037174
8000  0  0.020642  0.022257 21.052041 1.037174
8100  0  0.015853  0.016045 23.680936 1.037174
8200  0  0.012141  0.011311 26.682468 1.037174
8300  0  0.009271  0.007787 30.114511 1.037174
8400  0  0.007057  0.005227 34.044747 1.037174
8500  0  0.005354  0.003417 38.552488 1.037174
8600  0  0.004048  0.002171 43.730860 1.037174
8700  0  0.003049  0.001339 49.689449 1.037174
8800  0  0.002287  0.000800 56.557507 1.037174
8900  0  0.001709  0.000462 64.487847 1.037174
