STMin::Observed_Data::Expected_Bkg::Shape_Unc_down::Shap_Unc_up::Norm_Unc
2500  325  160.097513  0.974107 1.102912 2.006920
2600  264  116.138480  0.980815 1.140488 2.006920
2700  215  84.712140  0.983060 1.190180 2.006920
2800  174  62.104837  0.982925 1.251833 2.006920
2900  131  45.747260  0.980611 1.333510 2.006920
3000  101  33.847710  0.975169 1.442226 2.006920
3100  83  25.147554  0.967608 1.581424 2.006920
3200  65  18.756578  0.958496 1.761115 2.006920
3300  53  14.041129  0.950683 1.994105 2.006920
3400  49  10.547489  0.944795 2.296988 2.006920
3500  39  7.948966  0.940880 2.691222 2.006920
3600  34  6.009101  0.938713 3.204492 2.006920
3700  23  4.555906  0.937777 3.871452 2.006920
3800  16  3.463706  0.937229 4.734311 2.006920
3900  6  2.640267  0.935831 5.850042 2.006920
4000  2  2.017620  0.931857 7.291564 2.006920
4100  1  1.545482  0.922958 9.152157 2.006920
4200  0  1.186514  0.907938 11.550766 2.006920
4300  0  0.912897  0.891305 14.637912 2.006920
4400  0  0.703832  0.873240 18.606030 2.006920
4500  0  0.543719  0.853751 23.695633 2.006920
4600  0  0.420827  0.832855 30.215087 2.006920
4700  0  0.326302  0.810586 38.555367 2.006920
4800  0  0.253450  0.786987 49.211527 2.006920
4900  0  0.197193  0.762119 62.809706 2.006920
5000  0  0.153669  0.736051 80.140983 2.006920
5100  0  0.119937  0.708869 102.203776 2.006920
5200  0  0.093749  0.680671 130.256904 2.006920
5300  0  0.073384  0.651566 165.885944 2.006920
5400  0  0.057522  0.621675 211.077425 2.006920
5500  0  0.045149  0.591128 268.313666 2.006920
5600  0  0.035482  0.560062 340.731145 2.006920
5700  0  0.027920  0.528622 432.261378 2.006920
5800  0  0.021996  0.496954 547.831831 2.006920
5900  0  0.017349  0.465206 693.613179 2.006920
6000  0  0.013699  0.433523 877.326815 2.006920
6100  0  0.010829  0.402045 1108.627072 2.006920
6200  0  0.008569  0.370903 1399.575995 2.006920
6300  0  0.006788  0.340211 1765.232726 2.006920
6400  0  0.005382  0.310070 2224.384720 2.006920
6500  0  0.004271  0.280553 2800.454396 2.006920
6600  0  0.003393  0.251708 3522.622673 2.006920
6700  0  0.002698  0.223547 4427.220472 2.006920
6800  0  0.002147  0.196043 5559.451163 2.006920
6900  0  0.001710  0.169117 6975.521495 2.006920
7000  0  0.001363  0.142637 8745.276473 2.006920
7100  0  0.001088  0.117320 10955.455657 2.006920
7200  0  0.000868  0.095252 13713.715355 2.006920
7300  0  0.000694  0.076181 17153.594317 2.006920
7400  0  0.000555  0.059971 21440.641155 2.006920
7500  0  0.000444  0.046426 26779.971528 2.006920
7600  0  0.000355  0.035312 33425.584093 2.006920
7700  0  0.000285  0.026364 41691.838955 2.006920
7800  0  0.000228  0.019300 51967.593724 2.006920
7900  0  0.000183  0.013839 64733.604130 2.006920
8000  0  0.000147  0.009708 80583.932844 2.006920
8100  0  0.000118  0.006655 100252.277237 2.006920
8200  0  0.000095  0.004452 124644.330855 2.006920
8300  0  0.000076  0.002903 154877.542500 2.006920
8400  0  0.000062  0.001842 192329.940758 2.006920
8500  0  0.000050  0.001135 238700.062476 2.006920
8600  0  0.000040  0.000679 296080.475521 2.006920
8700  0  0.000032  0.000393 367047.936542 2.006920
8800  0  0.000026  0.000220 454773.894800 2.006920
8900  0  0.000021  0.000119 563159.868932 2.006920
