STMin::Observed_Data::Expected_Bkg::Shape_Unc_down::Shap_Unc_up::Norm_Unc
2500  9316  11521.769327  0.986920 1.015840 1.050815
2600  7165  8657.572633  0.991231 1.019691 1.050815
2700  5581  6552.809840  0.991165 1.023679 1.050815
2800  4301  4992.597747  0.988880 1.026404 1.050815
2900  3393  3826.810836  0.986087 1.027466 1.050815
3000  2637  2949.367949  0.982481 1.027140 1.050815
3100  2051  2284.521690  0.977734 1.025893 1.050815
3200  1600  1777.659019  0.971623 1.024225 1.050815
3300  1249  1389.050556  0.964418 1.022358 1.050815
3400  949  1089.553501  0.956351 1.020636 1.050815
3500  738  857.625263  0.947175 1.019638 1.050815
3600  581  677.226821  0.936496 1.020027 1.050815
3700  444  536.336728  0.923769 1.022575 1.050815
3800  343  425.888509  0.908749 1.027297 1.050815
3900  274  339.004484  0.892003 1.032818 1.050815
4000  219  270.438984  0.873454 1.039698 1.050815
4100  166  216.170764  0.854166 1.048360 1.050815
4200  125  173.102562  0.834195 1.059336 1.050815
4300  94  138.838198  0.813609 1.073036 1.050815
4400  77  111.516179  0.792472 1.089393 1.050815
4500  59  89.684772  0.770845 1.109055 1.050815
4600  48  72.207696  0.748784 1.131164 1.050815
4700  41  58.192551  0.726341 1.155737 1.050815
4800  30  46.936257  0.703567 1.182911 1.050815
4900  26  37.883243  0.680512 1.212835 1.050815
5000  19  30.593293  0.657222 1.245674 1.050815
5100  16  24.716694  0.633742 1.281609 1.050815
5200  10  19.974963  0.610116 1.320842 1.050815
5300  8  16.145853  0.586386 1.363594 1.050815
5400  6  13.051625  0.562590 1.410114 1.050815
5500  4  10.549869  0.538767 1.460674 1.050815
5600  4  8.526281  0.514951 1.515577 1.050815
5700  3  6.888971  0.491173 1.575161 1.050815
5800  2  5.563957  0.467460 1.639800 1.050815
5900  1  4.491599  0.443833 1.709912 1.050815
6000  1  3.623757  0.420307 1.785963 1.050815
6100  1  2.921540  0.396888 1.868473 1.050815
6200  0  2.353491  0.373570 1.958025 1.050815
6300  0  1.894151  0.350333 2.055274 1.050815
6400  0  1.522899  0.327138 2.160958 1.050815
6500  0  1.223023  0.303924 2.275908 1.050815
6600  0  0.980974  0.280601 2.401069 1.050815
6700  0  0.785763  0.257039 2.537515 1.050815
6800  0  0.628473  0.233061 2.686472 1.050815
6900  0  0.501871  0.208428 2.849349 1.050815
7000  0  0.400090  0.182817 3.027771 1.050815
7100  0  0.318369  0.158376 3.223623 1.050815
7200  0  0.252846  0.135813 3.439107 1.050815
7300  0  0.200391  0.115217 3.676810 1.050815
7400  0  0.158467  0.096637 3.939793 1.050815
7500  0  0.125020  0.080081 4.231708 1.050815
7600  0  0.098387  0.065520 4.556946 1.050815
7700  0  0.077223  0.052887 4.920829 1.050815
7800  0  0.060443  0.042083 5.329869 1.050815
7900  0  0.047170  0.032984 5.792110 1.050815
8000  0  0.036696  0.025441 6.317579 1.050815
8100  0  0.028454  0.019293 6.918901 1.050815
8200  0  0.021987  0.014371 7.612137 1.050815
8300  0  0.016927  0.010502 8.417922 1.050815
8400  0  0.012981  0.007522 9.363046 1.050815
8500  0  0.009914  0.005274 10.482649 1.050815
8600  0  0.007539  0.003615 11.823302 1.050815
8700  0  0.005707  0.002419 13.447363 1.050815
8800  0  0.004299  0.001578 15.439195 1.050815
8900  0  0.003222  0.001002 17.861038 1.050815
