STMin::Observed_Data::Expected_Bkg::Shape_Unc_down::Shap_Unc_up::Norm_Unc
2500  885  884.412408  0.989937 1.013774 1.357905
2600  697  664.012615  0.991731 1.014181 1.357905
2700  552  501.698496  0.990772 1.015555 1.357905
2800  423  381.270098  0.988684 1.016898 1.357905
2900  308  291.304109  0.986234 1.017299 1.357905
3000  243  223.667968  0.983037 1.016988 1.357905
3100  208  172.520285  0.978687 1.016301 1.357905
3200  153  133.630625  0.972854 1.015618 1.357905
3300  116  103.911628  0.965844 1.014702 1.357905
3400  95  81.093973  0.958261 1.013827 1.357905
3500  78  63.498434  0.949967 1.013340 1.357905
3600  62  49.874651  0.940747 1.013651 1.357905
3700  42  39.286128  0.930302 1.015254 1.357905
3800  37  31.027589  0.918235 1.017047 1.357905
3900  28  24.565144  0.904032 1.019155 1.357905
4000  23  19.492681  0.888141 1.021807 1.357905
4100  16  15.499876  0.871368 1.025305 1.357905
4200  12  12.348579  0.853752 1.030039 1.357905
4300  8  9.855293  0.835331 1.036289 1.357905
4400  8  7.878094  0.816145 1.043844 1.357905
4500  8  6.306815  0.796232 1.052947 1.357905
4600  7  5.055658  0.775635 1.063031 1.357905
4700  6  4.057585  0.754395 1.074018 1.357905
4800  5  3.260063  0.732557 1.085960 1.357905
4900  5  2.621807  0.710168 1.098939 1.357905
5000  4  2.110289  0.687274 1.113078 1.357905
5100  4  1.699813  0.663927 1.128551 1.357905
5200  4  1.370033  0.640179 1.145608 1.357905
5300  4  1.104807  0.616081 1.164586 1.357905
5400  3  0.891296  0.591690 1.185944 1.357905
5500  2  0.719273  0.567059 1.210290 1.357905
5600  2  0.580577  0.542245 1.237865 1.357905
5700  2  0.468681  0.517302 1.267962 1.357905
5800  2  0.378359  0.492283 1.300944 1.357905
5900  2  0.305421  0.467239 1.337068 1.357905
6000  2  0.246503  0.442217 1.376624 1.357905
6100  0  0.198898  0.417258 1.419935 1.357905
6200  0  0.160430  0.392396 1.467364 1.357905
6300  0  0.129343  0.367654 1.519322 1.357905
6400  0  0.104224  0.343043 1.576269 1.357905
6500  0  0.083929  0.318558 1.638730 1.357905
6600  0  0.067536  0.294174 1.707297 1.357905
6700  0  0.054300  0.269836 1.782646 1.357905
6800  0  0.043617  0.245460 1.865545 1.357905
6900  0  0.035000  0.220917 1.956874 1.357905
7000  0  0.028053  0.196026 2.057640 1.357905
7100  0  0.022458  0.170538 2.168999 1.357905
7200  0  0.017954  0.145051 2.292287 1.357905
7300  0  0.014332  0.121985 2.429045 1.357905
7400  0  0.011424  0.101321 2.581060 1.357905
7500  0  0.009090  0.083059 2.750412 1.357905
7600  0  0.007219  0.067149 2.939526 1.357905
7700  0  0.005723  0.053495 3.151245 1.357905
7800  0  0.004527  0.041960 3.388908 1.357905
7900  0  0.003574  0.032376 3.656453 1.357905
8000  0  0.002814  0.024551 3.958546 1.357905
8100  0  0.002211  0.018277 4.300733 1.357905
8200  0  0.001732  0.013345 4.689637 1.357905
8300  0  0.001353  0.009544 5.133199 1.357905
8400  0  0.001054  0.006679 5.640989 1.357905
8500  0  0.000818  0.004567 6.224590 1.357905
8600  0  0.000633  0.003047 6.898092 1.357905
8700  0  0.000488  0.001981 7.678729 1.357905
8800  0  0.000375  0.001253 8.587690 1.357905
8900  0  0.000287  0.000770 9.651177 1.357905
