STMin::Observed_Data::Expected_Bkg::Shape_Unc_down::Shap_Unc_up::Norm_Unc
2500  38460  40217.027331  0.987736 1.017226 1.019508
2600  29363  30234.599579  0.991637 1.020543 1.019508
2700  22438  22875.183951  0.991641 1.024960 1.019508
2800  17324  17408.310748  0.989806 1.029071 1.019508
2900  13490  13318.936062  0.987772 1.031584 1.019508
3000  10480  10240.305912  0.985202 1.032604 1.019508
3100  8063  7908.864732  0.981746 1.032443 1.019508
3200  6210  6133.606759  0.977165 1.031442 1.019508
3300  4773  4775.012333  0.971689 1.029979 1.019508
3400  3759  3730.421522  0.965487 1.028483 1.019508
3500  3033  2923.779604  0.958325 1.027452 1.019508
3600  2350  2298.382703  0.949839 1.027470 1.019508
3700  1839  1811.702447  0.939533 1.029230 1.019508
3800  1447  1431.664561  0.926760 1.032062 1.019508
3900  1099  1133.953014  0.910692 1.035546 1.019508
4000  853  900.043441  0.892761 1.039998 1.019508
4100  656  715.759107  0.873804 1.045820 1.019508
4200  514  570.203985  0.853899 1.053529 1.019508
4300  418  454.969856  0.833122 1.063543 1.019508
4400  327  363.543794  0.811547 1.075840 1.019508
4500  254  290.863077  0.789247 1.091072 1.019508
4600  191  232.979201  0.766293 1.108517 1.019508
4700  148  186.803061  0.742759 1.127746 1.019508
4800  123  149.910836  0.718714 1.148844 1.019508
4900  95  120.395507  0.694231 1.171897 1.019508
5000  65  96.752816  0.669381 1.197001 1.019508
5100  50  77.793361  0.644234 1.224261 1.019508
5200  43  62.574585  0.618862 1.253793 1.019508
5300  34  50.347990  0.593336 1.285726 1.019508
5400  29  40.518026  0.567727 1.320207 1.019508
5500  22  32.609985  0.542104 1.357396 1.019508
5600  18  26.244848  0.516538 1.397476 1.019508
5700  18  21.119529  0.491097 1.440654 1.019508
5800  15  16.991322  0.465848 1.487162 1.019508
5900  14  13.665618  0.440857 1.537267 1.019508
6000  8  10.986192  0.416187 1.591272 1.019508
6100  8  8.827498  0.391898 1.649527 1.019508
6200  7  7.088547  0.368047 1.712439 1.019508
6300  7  5.688039  0.344689 1.780479 1.019508
6400  6  4.560473  0.321872 1.854202 1.019508
6500  6  3.653046  0.299640 1.934263 1.019508
6600  3  2.923166  0.278029 2.021442 1.019508
6700  3  2.336468  0.257070 2.116673 1.019508
6800  3  1.865210  0.236784 2.221086 1.019508
6900  3  1.486999  0.217182 2.336054 1.019508
7000  0  1.183751  0.198264 2.463263 1.019508
7100  0  0.940865  0.180015 2.604792 1.019508
7200  0  0.746554  0.162402 2.763230 1.019508
7300  0  0.591303  0.145374 2.941819 1.019508
7400  0  0.467434  0.128850 3.144649 1.019508
7500  0  0.368753  0.112722 3.376913 1.019508
7600  0  0.290267  0.096837 3.645250 1.019508
7700  0  0.227955  0.080993 3.954334 1.019508
7800  0  0.178577  0.064919 4.303744 1.019508
7900  0  0.139528  0.050983 4.701388 1.019508
8000  0  0.108716  0.039370 5.155499 1.019508
8100  0  0.084458  0.029865 5.675998 1.019508
8200  0  0.065409  0.022231 6.274892 1.019508
8300  0  0.050490  0.016220 6.966779 1.019508
8400  0  0.038837  0.011587 7.769503 1.019508
8500  0  0.029764  0.008093 8.704983 1.019508
8600  0  0.022722  0.005519 9.800300 1.019508
8700  0  0.017274  0.003670 11.089093 1.019508
8800  0  0.013075  0.002376 12.613409 1.019508
8900  0  0.009851  0.001495 14.426126 1.019508
