STMin::Observed_Data::Expected_Bkg::Shape_Unc_down::Shap_Unc_up::Norm_Unc
2500  704  1220.653523  0.966740 1.008580 1.305520
2600  546  916.957283  0.969575 1.010851 1.305520
2700  430  693.426905  0.969503 1.014010 1.305520
2800  333  527.569414  0.968179 1.016797 1.305520
2900  258  403.595774  0.966431 1.018286 1.305520
3000  210  310.303527  0.964058 1.018576 1.305520
3100  172  239.665690  0.960848 1.017979 1.305520
3200  127  185.878071  0.956681 1.016817 1.305520
3300  103  144.708301  0.951793 1.015434 1.305520
3400  91  113.046041  0.946507 1.014210 1.305520
3500  68  88.588957  0.940741 1.013572 1.305520
3600  53  69.621352  0.934323 1.014016 1.305520
3700  42  54.856690  0.926994 1.016125 1.305520
3800  32  43.324639  0.918392 1.019021 1.305520
3900  25  34.289389  0.908040 1.022583 1.305520
4000  20  27.190157  0.895928 1.027067 1.305520
4100  18  21.597543  0.883270 1.032807 1.305520
4200  11  17.181311  0.870001 1.040228 1.305520
4300  10  13.686449  0.856143 1.049645 1.305520
4400  8  10.915284  0.841717 1.060888 1.305520
4500  7  8.714049  0.826739 1.074253 1.305520
4600  6  6.962733  0.811227 1.089212 1.305520
4700  5  5.567386  0.795193 1.105728 1.305520
4800  4  4.454247  0.778652 1.123901 1.305520
4900  4  3.565253  0.761616 1.143868 1.305520
5000  3  2.854587  0.744097 1.165813 1.305520
5100  2  2.286012  0.726107 1.189981 1.305520
5200  2  1.830810  0.707660 1.216702 1.305520
5300  2  1.466175  0.688765 1.246415 1.305520
5400  2  1.173965  0.669436 1.279701 1.305520
5500  2  0.939728  0.649684 1.317326 1.305520
5600  2  0.751930  0.629517 1.360063 1.305520
5700  2  0.601357  0.608945 1.407488 1.305520
5800  2  0.480640  0.587971 1.459897 1.305520
5900  1  0.383877  0.566597 1.517822 1.305520
6000  1  0.306338  0.544817 1.581868 1.305520
6100  1  0.244230  0.522616 1.652724 1.305520
6200  0  0.194509  0.499968 1.731181 1.305520
6300  0  0.154729  0.476829 1.818145 1.305520
6400  0  0.122928  0.453134 1.914656 1.305520
6500  0  0.097527  0.428791 2.021915 1.305520
6600  0  0.077259  0.403664 2.141310 1.305520
6700  0  0.061103  0.377570 2.274448 1.305520
6800  0  0.048242  0.350476 2.423198 1.305520
6900  0  0.038017  0.322096 2.589740 1.305520
7000  0  0.029900  0.292031 2.776621 1.305520
7100  0  0.023466  0.259740 2.986831 1.305520
7200  0  0.018376  0.226311 3.223887 1.305520
7300  0  0.014355  0.195438 3.491942 1.305520
7400  0  0.011186  0.166865 3.795918 1.305520
7500  0  0.008693  0.140760 4.141666 1.305520
7600  0  0.006737  0.117228 4.536170 1.305520
7700  0  0.005205  0.096315 4.987792 1.305520
7800  0  0.004009  0.078004 5.506590 1.305520
7900  0  0.003078  0.062218 6.104704 1.305520
8000  0  0.002355  0.048833 6.796849 1.305520
8100  0  0.001795  0.037677 7.600934 1.305520
8200  0  0.001363  0.028547 8.538845 1.305520
8300  0  0.001030  0.021218 9.637450 1.305520
8400  0  0.000776  0.015452 10.929873 1.305520
8500  0  0.000581  0.011012 12.457135 1.305520
8600  0  0.000434  0.007670 14.270269 1.305520
8700  0  0.000322  0.005214 16.433055 1.305520
8800  0  0.000238  0.003454 19.025566 1.305520
8900  0  0.000174  0.002226 22.148804 1.305520
9000  0  0.000127  0.001393 25.930742 1.305520
9100  0  0.000092  0.000845 30.534261 1.305520
9200  0  0.000066  0.000496 36.167567 1.305520
9300  0  0.000047  0.000281 43.097904 1.305520
9400  0  0.000034  0.000153 51.669586 1.305520
9500  0  0.000024  0.000080 62.327702 1.305520
9600  0  0.000017  0.000040 75.649158 1.305520
9700  0  0.000011  0.000019 92.383070 1.305520
9800  0  0.000008  0.000009 113.502791 1.305520
9900  0  0.000005  0.000004 140.271839 1.305520
