STMin::Observed_Data::Expected_Bkg::Shape_Unc_down::Shap_Unc_up::Norm_Unc
2500  22766  25418.610795  0.994935 1.019323 1.039413
2600  17133  18622.655049  0.996236 1.022432 1.039413
2700  12886  13729.748677  0.995672 1.026093 1.039413
2800  9728  10180.703854  0.994910 1.029072 1.039413
2900  7354  7588.820538  0.994049 1.030853 1.039413
3000  5628  5684.073976  0.992795 1.031551 1.039413
3100  4273  4276.216646  0.990847 1.031410 1.039413
3200  3285  3230.095291  0.988074 1.030697 1.039413
3300  2499  2448.957809  0.984876 1.029710 1.039413
3400  1939  1863.048493  0.981461 1.028797 1.039413
3500  1475  1421.742340  0.977678 1.028376 1.039413
3600  1130  1088.072199  0.973311 1.028756 1.039413
3700  845  834.889393  0.968043 1.029258 1.039413
3800  650  642.149474  0.961435 1.029919 1.039413
3900  506  494.979513  0.952900 1.031001 1.039413
4000  398  382.292576  0.942661 1.032859 1.039413
4100  316  295.788149  0.931129 1.035963 1.039413
4200  248  229.226688  0.918112 1.040718 1.039413
4300  196  177.900174  0.903367 1.046942 1.039413
4400  157  138.243660  0.887375 1.055105 1.039413
4500  124  107.548864  0.870550 1.065116 1.039413
4600  102  83.751989  0.852914 1.076773 1.039413
4700  78  65.275866  0.834490 1.090359 1.039413
4800  62  50.911995  0.815304 1.106253 1.039413
4900  48  39.732082  0.795383 1.124960 1.039413
5000  33  31.021427  0.774755 1.146559 1.039413
5100  28  24.228612  0.753454 1.170651 1.039413
5200  20  18.927359  0.731513 1.197432 1.039413
5300  17  14.787534  0.708969 1.227139 1.039413
5400  11  11.553039  0.685861 1.260039 1.039413
5500  11  9.024910  0.662229 1.296431 1.039413
5600  6  7.048351  0.638113 1.336651 1.039413
5700  4  5.502787  0.613554 1.381079 1.039413
5800  3  4.294190  0.588591 1.430145 1.039413
5900  3  3.349162  0.563261 1.484336 1.039413
6000  2  2.610361  0.537594 1.544205 1.039413
6100  2  2.032953  0.511612 1.610386 1.039413
6200  2  1.581865  0.485325 1.683600 1.039413
6300  2  1.229644  0.458726 1.764674 1.039413
6400  0  0.954793  0.431785 1.854559 1.039413
6500  0  0.740475  0.404437 1.954350 1.039413
6600  0  0.573501  0.376576 2.065314 1.039413
6700  0  0.443536  0.348037 2.188916 1.039413
6800  0  0.342488  0.318577 2.326862 1.039413
6900  0  0.264016  0.287845 2.481138 1.039413
7000  0  0.203156  0.255354 2.654071 1.039413
7100  0  0.156024  0.221709 2.848391 1.039413
7200  0  0.119579  0.190418 3.067312 1.039413
7300  0  0.091445  0.161663 3.314637 1.039413
7400  0  0.069768  0.135581 3.594878 1.039413
7500  0  0.053097  0.112243 3.913410 1.039413
7600  0  0.040303  0.091657 4.276666 1.039413
7700  0  0.030507  0.073769 4.692375 1.039413
7800  0  0.023024  0.058467 5.169864 1.039413
7900  0  0.017322  0.045593 5.720440 1.039413
8000  0  0.012989  0.034948 6.357884 1.039413
8100  0  0.009706  0.026306 7.099063 1.039413
8200  0  0.007226  0.019423 7.964743 1.039413
8300  0  0.005359  0.014052 8.980619 1.039413
8400  0  0.003958  0.009949 10.178670 1.039413
8500  0  0.002911  0.006884 11.598937 1.039413
8600  0  0.002131  0.004650 13.291855 1.039413
8700  0  0.001552  0.003061 15.321375 1.039413
8800  0  0.001125  0.001960 17.769129 1.039413
8900  0  0.000811  0.001220 20.740064 1.039413
