STMin::Observed_Data::Expected_Bkg::Shape_Unc_down::Shap_Unc_up::Norm_Unc
2500  22337  23389.895337  0.990909 1.024128 1.027341
2600  17041  17561.021790  0.993026 1.024149 1.027341
2700  12938  13268.329576  0.992484 1.025031 1.027341
2800  9975  10083.381483  0.990938 1.025733 1.027341
2900  7633  7704.067203  0.989184 1.025295 1.027341
3000  5863  5915.306380  0.986879 1.023900 1.027341
3100  4521  4562.612851  0.983669 1.021825 1.027341
3200  3477  3534.105017  0.979286 1.019378 1.027341
3300  2666  2748.132085  0.973903 1.016902 1.027341
3400  2104  2144.677662  0.967634 1.014797 1.027341
3500  1631  1679.331624  0.960268 1.013528 1.027341
3600  1263  1319.025884  0.951446 1.013651 1.027341
3700  969  1038.993130  0.940884 1.015254 1.027341
3800  767  820.581039  0.928679 1.017047 1.027341
3900  594  649.669930  0.914315 1.019155 1.027341
4000  458  515.519429  0.898243 1.021807 1.027341
4100  350  409.922424  0.881280 1.025305 1.027341
4200  267  326.580641  0.863463 1.030040 1.027341
4300  209  260.641163  0.844833 1.036290 1.027341
4400  163  208.350519  0.825428 1.043844 1.027341
4500  130  166.795203  0.805289 1.052947 1.027341
4600  98  133.706070  0.784457 1.063031 1.027341
4700  70  107.310212  0.762976 1.074018 1.027341
4800  56  86.218287  0.740890 1.085960 1.027341
4900  42  69.338464  0.718246 1.098939 1.027341
5000  32  55.810439  0.695092 1.113078 1.027341
5100  27  44.954646  0.671480 1.128552 1.027341
5200  21  36.233025  0.647461 1.145609 1.027341
5300  16  29.218620  0.623089 1.164587 1.027341
5400  13  23.571933  0.598420 1.185945 1.027341
5500  10  19.022489  0.573509 1.210291 1.027341
5600  8  15.354411  0.548413 1.237867 1.027341
5700  7  12.395111  0.523186 1.267964 1.027341
5800  7  10.006387  0.497883 1.300946 1.027341
5900  6  8.077416  0.472554 1.337071 1.027341
6000  5  6.519209  0.447247 1.376627 1.027341
6100  3  5.260217  0.422005 1.419937 1.027341
6200  2  4.242853  0.396859 1.467367 1.027341
6300  2  3.420715  0.371836 1.519324 1.027341
6400  1  2.756382  0.346945 1.576272 1.027341
6500  1  2.219648  0.322182 1.638733 1.027341
6600  1  1.786115  0.297520 1.707300 1.027341
6700  1  1.436061  0.272906 1.782649 1.027341
6800  0  1.153537  0.248252 1.865549 1.027341
6900  0  0.925640  0.223430 1.956878 1.027341
7000  0  0.741925  0.198256 2.057643 1.027341
7100  0  0.593935  0.172478 2.169003 1.027341
7200  0  0.474825  0.146701 2.292291 1.027341
7300  0  0.379048  0.123373 2.429049 1.027341
7400  0  0.302116  0.102473 2.581064 1.027341
7500  0  0.240391  0.084004 2.750416 1.027341
7600  0  0.190931  0.067913 2.939531 1.027341
7700  0  0.151354  0.054104 3.151251 1.027341
7800  0  0.119733  0.042438 3.388914 1.027341
7900  0  0.094510  0.032745 3.656459 1.027341
8000  0  0.074425  0.024830 3.958553 1.027341
8100  0  0.058463  0.018485 4.300741 1.027341
8200  0  0.045802  0.013496 4.689645 1.027341
8300  0  0.035782  0.009653 5.133208 1.027341
8400  0  0.027871  0.006755 5.640999 1.027341
8500  0  0.021640  0.004619 6.224601 1.027341
8600  0  0.016745  0.003082 6.898104 1.027341
8700  0  0.012912  0.002004 7.678742 1.027341
8800  0  0.009918  0.001267 8.587704 1.027341
8900  0  0.007588  0.000778 9.651194 1.027341
