STMin::Observed_Data::Expected_Bkg::Shape_Unc_down::Shap_Unc_up::Norm_Unc
2500  205348  205676.464503  0.986449 1.011806 1.004884
2600  155031  154547.351171  0.990605 1.015110 1.004884
2700  117723  116974.982077  0.990338 1.019476 1.004884
2800  89814  89123.451800  0.987852 1.023556 1.004884
2900  68745  68312.852014  0.984745 1.025810 1.004884
3000  52942  52649.515448  0.980741 1.026398 1.004884
3100  40832  40781.266392  0.975488 1.025726 1.004884
3200  31606  31733.201013  0.968736 1.024225 1.004884
3300  24593  24796.105460  0.960723 1.022357 1.004884
3400  19293  19449.748186  0.951640 1.020636 1.004884
3500  15191  15309.569826  0.941189 1.019638 1.004884
3600  12016  12089.255939  0.929090 1.020027 1.004884
3700  9514  9574.210246  0.915719 1.022575 1.004884
3800  7485  7602.586054  0.900902 1.027297 1.004884
3900  5881  6051.609068  0.884301 1.032818 1.004884
4000  4645  4827.638236  0.865911 1.039699 1.004884
4100  3681  3858.889833  0.846790 1.048362 1.004884
4200  2918  3090.074276  0.826991 1.059339 1.004884
4300  2365  2478.417061  0.806583 1.073039 1.004884
4400  1891  1990.688470  0.785629 1.089397 1.004884
4500  1521  1600.973458  0.764189 1.109059 1.004884
4600  1206  1288.988103  0.742318 1.131168 1.004884
4700  980  1038.802104  0.720068 1.155742 1.004884
4800  800  837.864659  0.697492 1.182916 1.004884
4900  641  676.258245  0.674636 1.212840 1.004884
5000  513  546.124490  0.651547 1.245679 1.004884
5100  409  441.220616  0.628270 1.281614 1.004884
5200  331  356.575430  0.604848 1.320847 1.004884
5300  282  288.221526  0.581322 1.363600 1.004884
5400  221  232.986092  0.557732 1.410120 1.004884
5500  179  188.326949  0.534114 1.460680 1.004884
5600  144  152.203652  0.510504 1.515583 1.004884
5700  114  122.975837  0.486931 1.575167 1.004884
5800  87  99.322857  0.463423 1.639807 1.004884
5900  70  80.180055  0.440000 1.709919 1.004884
6000  58  64.688123  0.416678 1.785970 1.004884
6100  50  52.152756  0.393461 1.868480 1.004884
6200  40  42.012448  0.370344 1.958033 1.004884
6300  35  33.812716  0.347307 2.055282 1.004884
6400  26  27.185453  0.324313 2.160966 1.004884
6500  23  21.832337  0.301300 2.275917 1.004884
6600  21  17.511491  0.278178 2.401079 1.004884
6700  18  14.026740  0.254820 2.537525 1.004884
6800  14  11.218938  0.231049 2.686483 1.004884
6900  10  8.958964  0.206628 2.849360 1.004884
7000  9  7.142058  0.181239 3.027782 1.004884
7100  8  5.683237  0.157008 3.223635 1.004884
7200  6  4.513577  0.134640 3.439120 1.004884
7300  5  3.577196  0.114223 3.676823 1.004884
7400  3  2.828810  0.095803 3.939807 1.004884
7500  2  2.231745  0.079390 4.231723 1.004884
7600  2  1.756317  0.064954 4.556961 1.004884
7700  2  1.378526  0.052430 4.920845 1.004884
7800  2  1.078980  0.041720 5.329886 1.004884
7900  2  0.842032  0.032699 5.792128 1.004884
8000  2  0.655069  0.025221 6.317597 1.004884
8100  2  0.507940  0.019126 6.918920 1.004884
8200  2  0.392486  0.014246 7.612156 1.004884
8300  2  0.302161  0.010412 8.417941 1.004884
8400  2  0.231720  0.007457 9.363064 1.004884
8500  2  0.176973  0.005229 10.482666 1.004884
8600  2  0.134576  0.003584 11.823316 1.004884
8700  1  0.101869  0.002398 13.447373 1.004884
8800  1  0.076738  0.001564 15.439198 1.004884
8900  1  0.057512  0.000993 17.861042 1.004884
