STMin::Observed_Data::Expected_Bkg::Shape_Unc_down::Shap_Unc_up::Norm_Unc
2500  1312  1655.763343  0.961396 1.011347 1.260679
2600  1026  1244.779761  0.965686 1.013941 1.260679
2700  804  941.787436  0.966490 1.017979 1.260679
2800  609  716.712415  0.965629 1.021923 1.260679
2900  470  548.349979  0.964422 1.024268 1.260679
3000  390  421.600607  0.962583 1.025075 1.260679
3100  326  325.613532  0.959814 1.024682 1.260679
3200  243  252.524911  0.955901 1.023461 1.260679
3300  193  196.590621  0.950986 1.021826 1.260679
3400  169  153.584082  0.945275 1.020251 1.260679
3500  130  120.374066  0.938598 1.019287 1.260679
3600  99  94.626035  0.930658 1.019579 1.260679
3700  74  74.589066  0.921050 1.021897 1.260679
3800  56  58.942638  0.909239 1.025719 1.260679
3900  41  46.685644  0.894541 1.030261 1.260679
4000  30  37.055422  0.878230 1.035812 1.260679
4100  28  29.468306  0.860908 1.042747 1.260679
4200  19  23.475700  0.842636 1.051550 1.260679
4300  18  18.731429  0.823471 1.062533 1.260679
4400  14  14.967354  0.803467 1.075561 1.260679
4500  13  11.975038  0.782676 1.091050 1.260679
4600  12  9.591918  0.761148 1.108489 1.260679
4700  9  7.690813  0.738930 1.127711 1.260679
4800  6  6.171935  0.716066 1.148799 1.260679
4900  6  4.956768  0.692593 1.171841 1.260679
5000  3  3.983381  0.668549 1.196931 1.260679
5100  2  3.202807  0.643961 1.224173 1.260679
5200  2  2.576240  0.618850 1.253683 1.260679
5300  2  2.072862  0.593324 1.285589 1.260679
5400  2  1.668156  0.567712 1.320035 1.260679
5500  2  1.342576  0.542087 1.357182 1.260679
5600  2  1.080519  0.516516 1.397211 1.260679
5700  2  0.869506  0.491070 1.440323 1.260679
5800  2  0.699545  0.465815 1.486750 1.260679
5900  1  0.562623  0.440816 1.536754 1.260679
6000  1  0.452309  0.416135 1.590633 1.260679
6100  1  0.363434  0.391834 1.648732 1.260679
6200  0  0.291840  0.367968 1.711447 1.260679
6300  0  0.234180  0.344591 1.779242 1.260679
6400  0  0.187758  0.321750 1.852659 1.260679
6500  0  0.150398  0.299487 1.932335 1.260679
6600  0  0.120349  0.277838 2.019032 1.260679
6700  0  0.096194  0.256831 2.113657 1.260679
6800  0  0.076792  0.236485 2.217307 1.260679
6900  0  0.061221  0.216807 2.331314 1.260679
7000  0  0.048736  0.197793 2.457308 1.260679
7100  0  0.038736  0.179421 2.597299 1.260679
7200  0  0.030736  0.161654 2.753787 1.260679
7300  0  0.024344  0.144429 2.929896 1.260679
7400  0  0.019244  0.127656 3.129567 1.260679
7500  0  0.015182  0.111207 3.357796 1.260679
7600  0  0.011950  0.094913 3.620965 1.260679
7700  0  0.009385  0.078542 3.923416 1.260679
7800  0  0.007352  0.062619 4.264284 1.260679
7900  0  0.005744  0.049177 4.650895 1.260679
8000  0  0.004476  0.037975 5.090711 1.260679
8100  0  0.003477  0.028807 5.592626 1.260679
8200  0  0.002693  0.021444 6.167274 1.260679
8300  0  0.002079  0.015646 6.827413 1.260679
8400  0  0.001599  0.011177 7.588402 1.260679
8500  0  0.001225  0.007807 8.468796 1.260679
8600  0  0.000935  0.005325 9.491089 1.260679
8700  0  0.000711  0.003541 10.682646 1.260679
8800  0  0.000538  0.002293 12.076869 1.260679
8900  0  0.000405  0.001443 13.714666 1.260679
9000  0  0.000304  0.000881 15.646297 1.260679
9100  0  0.000227  0.000521 17.933701 1.260679
9200  0  0.000168  0.000297 20.653420 1.260679
9300  0  0.000124  0.000164 23.900275 1.260679
9400  0  0.000091  0.000087 27.791961 1.260679
9500  0  0.000066  0.000044 32.474771 1.260679
9600  0  0.000048  0.000021 38.130662 1.260679
9700  0  0.000034  0.000010 44.985853 1.260679
9800  0  0.000024  0.000004 53.321119 1.260679
9900  0  0.000017  0.000002 63.483750 1.260679
