STMin::Observed_Data::Expected_Bkg::Shape_Unc_down::Shap_Unc_up::Norm_Unc
2500  22337  23293.157802  0.990478 1.009502 1.018241
2600  17041  17488.799186  0.990722 1.010570 1.018241
2700  12938  13212.663564  0.988358 1.012158 1.018241
2800  9975  10038.454311  0.985493 1.013674 1.018241
2900  7633  7665.916041  0.981788 1.015104 1.018241
3000  5863  5881.390609  0.976947 1.016537 1.018241
3100  4521  4531.404309  0.971248 1.018107 1.018241
3200  3477  3504.756170  0.965331 1.020268 1.018241
3300  2666  2720.228582  0.959278 1.023517 1.018241
3400  2104  2118.063786  0.952849 1.028436 1.018241
3500  1631  1653.992652  0.945636 1.034808 1.018241
3600  1263  1295.012271  0.937036 1.042843 1.018241
3700  969  1016.374153  0.926228 1.053212 1.018241
3800  767  799.418445  0.914354 1.066789 1.018241
3900  594  630.004703  0.901867 1.084696 1.018241
4000  458  497.366812  0.888791 1.106924 1.018241
4100  350  393.271870  0.875146 1.133622 1.018241
4200  267  311.398478  0.860946 1.165566 1.018241
4300  209  246.874538  0.846203 1.203078 1.018241
4400  163  195.931735  0.830925 1.245434 1.018241
4500  130  155.645919  0.815119 1.293219 1.018241
4600  98  123.741088  0.798790 1.346913 1.018241
4700  70  98.440718  0.781941 1.407063 1.018241
4800  56  78.354509  0.764575 1.474285 1.018241
4900  42  62.391780  0.746694 1.549279 1.018241
5000  32  49.694979  0.728297 1.632838 1.018241
5100  27  39.588456  0.709383 1.725861 1.018241
5200  21  31.538865  0.689948 1.829369 1.018241
5300  16  25.124456  0.669986 1.944523 1.018241
5400  13  20.011197  0.649484 2.072641 1.018241
5500  10  15.934144  0.628425 2.215224 1.018241
5600  8  12.682878  0.606783 2.373983 1.018241
5700  7  10.090087  0.584522 2.550866 1.018241
5800  7  8.022597  0.561587 2.748101 1.018241
5900  6  6.374311  0.537906 2.968230 1.018241
6000  5  5.060635  0.513377 3.214169 1.018241
6100  3  4.014074  0.487864 3.489255 1.018241
6200  2  3.180749  0.462238 3.797324 1.018241
6300  2  2.517629  0.436885 4.142783 1.018241
6400  1  1.990337  0.411854 4.530712 1.018241
6500  1  1.571404  0.387189 4.966967 1.018241
6600  1  1.238876  0.362917 5.458321 1.018241
6700  1  0.975213  0.339048 6.012614 1.018241
6800  0  0.766396  0.315576 6.638942 1.018241
6900  0  0.601228  0.292468 7.347875 1.018241
7000  0  0.470767  0.269661 8.151726 1.018241
7100  0  0.367875  0.247055 9.064866 1.018241
7200  0  0.286859  0.224503 10.104098 1.018241
7300  0  0.223180  0.201793 11.289124 1.018241
7400  0  0.173221  0.178633 12.643086 1.018241
7500  0  0.134105  0.154624 14.193238 1.018241
7600  0  0.103544  0.129222 15.971752 1.018241
7700  0  0.079722  0.106095 18.016702 1.018241
7800  0  0.061197  0.085838 20.373266 1.018241
7900  0  0.046829  0.068378 23.095198 1.018241
8000  0  0.035715  0.053579 26.246634 1.018241
8100  0  0.027144  0.041257 29.904322 1.018241
8200  0  0.020554  0.031186 34.160390 1.018241
8300  0  0.015503  0.023116 39.125775 1.018241
8400  0  0.011645  0.016781 44.934516 1.018241
8500  0  0.008710  0.011917 51.749135 1.018241
8600  0  0.006485  0.008267 59.767413 1.018241
8700  0  0.004805  0.005594 69.230982 1.018241
8800  0  0.003542  0.003687 80.436263 1.018241
8900  0  0.002597  0.002363 93.748475 1.018241
