STMin::Observed_Data::Expected_Bkg::Shape_Unc_down::Shap_Unc_up::Norm_Unc
2500  42431  42667.757751  0.972204 1.020098 1.021007
2600  31279  30841.243590  0.982505 1.026920 1.021007
2700  23283  22458.773007  0.987995 1.036015 1.021007
2800  17389  16466.652097  0.990030 1.045524 1.021007
2900  13110  12149.496593  0.988229 1.057698 1.021007
3000  9910  9016.449412  0.984968 1.069538 1.021007
3100  7486  6727.394343  0.980249 1.080167 1.021007
3200  5674  5044.507873  0.974351 1.089891 1.021007
3300  4274  3800.077866  0.968500 1.099097 1.021007
3400  3273  2874.895500  0.962901 1.108271 1.021007
3500  2507  2183.599627  0.957409 1.118026 1.021007
3600  1928  1664.642368  0.951705 1.128911 1.021007
3700  1490  1273.357746  0.945273 1.139870 1.021007
3800  1166  977.133817  0.937372 1.151147 1.021007
3900  913  752.023583  0.926989 1.163162 1.021007
4000  689  580.348343  0.912783 1.176475 1.021007
4100  536  448.991049  0.897283 1.191822 1.021007
4200  420  348.173057  0.880815 1.210158 1.021007
4300  324  270.571892  0.863409 1.231404 1.021007
4400  261  210.681241  0.845098 1.256505 1.021007
4500  206  164.344086  0.825916 1.285480 1.021007
4600  159  128.410342  0.805900 1.318825 1.021007
4700  123  100.484560  0.785088 1.357545 1.021007
4800  92  78.739104  0.763521 1.402925 1.021007
4900  69  61.775208  0.741246 1.456611 1.021007
5000  54  48.519191  0.718311 1.520714 1.021007
5100  44  38.144628  0.694768 1.597932 1.021007
5200  34  30.013755  0.670672 1.689778 1.021007
5300  23  23.633200  0.646082 1.792293 1.021007
5400  18  18.620419  0.621061 1.906382 1.021007
5500  13  14.678162  0.595672 2.033314 1.021007
5600  10  11.574997  0.569981 2.174524 1.021007
5700  8  9.130393  0.544056 2.331634 1.021007
5800  7  7.203285  0.517965 2.506486 1.021007
5900  5  5.683265  0.491774 2.701162 1.021007
6000  3  4.483793  0.465548 2.918027 1.021007
6100  3  3.536941  0.439346 3.159765 1.021007
6200  3  2.789327  0.413224 3.429422 1.021007
6300  3  2.198946  0.387226 3.730466 1.021007
6400  1  1.732719  0.361386 4.066837 1.021007
6500  1  1.364564  0.335720 4.443030 1.021007
6600  1  1.073905  0.310226 4.864165 1.021007
6700  1  0.844496  0.284873 5.336090 1.021007
6800  1  0.663502  0.259596 5.865485 1.021007
6900  1  0.520775  0.234283 6.459993 1.021007
7000  0  0.408295  0.208766 7.128370 1.021007
7100  0  0.319716  0.182803 7.880655 1.021007
7200  0  0.250016  0.156053 8.728373 1.021007
7300  0  0.195225  0.129299 9.684778 1.021007
7400  0  0.152198  0.105696 10.765124 1.021007
7500  0  0.118450  0.085111 11.986996 1.021007
7600  0  0.092015  0.067453 13.370692 1.021007
7700  0  0.071337  0.052564 14.939678 1.021007
7800  0  0.055188  0.040238 16.721120 1.021007
7900  0  0.042598  0.030227 18.746517 1.021007
8000  0  0.032800  0.022257 21.052450 1.021007
8100  0  0.025190  0.016045 23.681475 1.021007
8200  0  0.019292  0.011311 26.683179 1.021007
8300  0  0.014732  0.007787 30.115449 1.021007
8400  0  0.011214  0.005227 34.045989 1.021007
8500  0  0.008508  0.003417 38.554135 1.021007
8600  0  0.006432  0.002171 43.733050 1.021007
8700  0  0.004845  0.001339 49.692372 1.021007
8800  0  0.003634  0.000800 56.561418 1.021007
8900  0  0.002715  0.000462 64.493102 1.021007
