STMin::Observed_Data::Expected_Bkg::Shape_Unc_down::Shap_Unc_up::Norm_Unc
2500  885  960.823370  0.993242 1.024816 1.106230
2600  697  721.398408  0.994403 1.025301 1.106230
2700  552  545.011374  0.993230 1.026136 1.106230
2800  423  414.077884  0.991907 1.026670 1.106230
2900  308  316.212655  0.990188 1.026824 1.106230
3000  243  242.602467  0.987677 1.026740 1.106230
3100  208  186.916656  0.984066 1.026864 1.106230
3200  153  144.568275  0.979667 1.027691 1.106230
3300  116  112.207165  0.974616 1.029790 1.106230
3400  95  87.368368  0.968670 1.033830 1.106230
3500  78  68.225820  0.961464 1.040607 1.106230
3600  62  53.418178  0.952661 1.049807 1.106230
3700  42  41.924588  0.941886 1.061933 1.106230
3800  37  32.975345  0.929806 1.077833 1.106230
3900  28  25.987170  0.917091 1.098391 1.106230
4000  23  20.515967  0.903774 1.123274 1.106230
4100  16  16.222137  0.889873 1.152205 1.106230
4200  12  12.844928  0.875401 1.185492 1.106230
4300  8  10.183369  0.860369 1.223481 1.106230
4400  8  8.082021  0.844782 1.266555 1.106230
4500  8  6.420265  0.828646 1.315150 1.106230
4600  7  5.104217  0.811962 1.369755 1.106230
4700  6  4.060598  0.794731 1.430924 1.106230
4800  5  3.232058  0.776949 1.499286 1.106230
4900  5  2.573609  0.758612 1.575552 1.106230
5000  4  2.049877  0.739712 1.660528 1.106230
5100  4  1.632991  0.720237 1.755128 1.106230
5200  4  1.300952  0.700172 1.860391 1.106230
5300  4  1.036363  0.679493 1.977498 1.106230
5400  3  0.825445  0.658168 2.107788 1.106230
5500  2  0.657270  0.636155 2.252789 1.106230
5600  2  0.523158  0.613395 2.414240 1.106230
5700  2  0.416208  0.589810 2.594122 1.106230
5800  2  0.330925  0.565294 2.794701 1.106230
5900  2  0.262935  0.539706 3.018563 1.106230
6000  2  0.208747  0.513741 3.268671 1.106230
6100  0  0.165577  0.487918 3.548421 1.106230
6200  0  0.131203  0.462308 3.861712 1.106230
6300  0  0.103850  0.436973 4.213028 1.106230
6400  0  0.082100  0.411967 4.607531 1.106230
6500  0  0.064819  0.387332 5.051181 1.106230
6600  0  0.051103  0.363099 5.550863 1.106230
6700  0  0.040227  0.339280 6.114550 1.106230
6800  0  0.031613  0.315871 6.751491 1.106230
6900  0  0.024800  0.292844 7.472436 1.106230
7000  0  0.019419  0.270142 8.289907 1.106230
7100  0  0.015175  0.247672 9.218515 1.106230
7200  0  0.011833  0.225294 10.275349 1.106230
7300  0  0.009206  0.202810 11.480443 1.106230
7400  0  0.007145  0.179943 12.857329 1.106230
7500  0  0.005532  0.156316 14.433721 1.106230
7600  0  0.004271  0.131414 16.242333 1.106230
7700  0  0.003288  0.107895 18.321880 1.106230
7800  0  0.002524  0.087294 20.718300 1.106230
7900  0  0.001932  0.069538 23.486249 1.106230
8000  0  0.001473  0.054488 26.690938 1.106230
8100  0  0.001120  0.041957 30.410403 1.106230
8200  0  0.000848  0.031715 34.738310 1.106230
8300  0  0.000639  0.023508 39.787448 1.106230
8400  0  0.000480  0.017066 45.694088 1.106230
8500  0  0.000359  0.012119 52.623446 1.106230
8600  0  0.000267  0.008407 60.776577 1.106230
8700  0  0.000198  0.005689 70.399096 1.106230
8800  0  0.000146  0.003749 81.792283 1.106230
8900  0  0.000107  0.002403 95.327317 1.106230
