STMin::Observed_Data::Expected_Bkg::Shape_Unc_down::Shap_Unc_up::Norm_Unc
2500  288373  288866.115887  0.986904 1.010987 1.004100
2600  217877  217235.701042  0.991076 1.014160 1.004100
2700  165202  164488.400740  0.990888 1.018353 1.004100
2800  126114  125321.142239  0.988279 1.022130 1.004100
2900  96537  96016.259137  0.985193 1.024019 1.004100
3000  74172  73938.285825  0.981219 1.024219 1.004100
3100  57242  57199.683055  0.976030 1.023131 1.004100
3200  44343  44435.759818  0.969331 1.021173 1.004100
3300  34589  34651.213180  0.961191 1.018793 1.004100
3400  26948  27114.277382  0.951679 1.016485 1.004100
3500  21236  21282.921103  0.940518 1.014803 1.004100
3600  16664  16752.871104  0.928367 1.014386 1.004100
3700  13077  13220.663453  0.915136 1.015978 1.004100
3800  10338  10457.147157  0.900638 1.019118 1.004100
3900  8096  8288.327527  0.884677 1.022995 1.004100
4000  6418  6581.409804  0.867149 1.027864 1.004100
4100  5040  5234.558249  0.848864 1.034052 1.004100
4200  3963  4169.330848  0.829973 1.041977 1.004100
4300  3134  3325.055175  0.810539 1.051990 1.004100
4400  2488  2654.622435  0.790616 1.063942 1.004100
4500  1996  2121.324473  0.770258 1.078245 1.004100
4600  1604  1696.462586  0.749511 1.094625 1.004100
4700  1268  1357.530849  0.728420 1.112849 1.004100
4800  1040  1086.829475  0.707025 1.133066 1.004100
4900  830  870.401767  0.685366 1.155467 1.004100
5000  651  697.215772  0.663478 1.180305 1.004100
5100  511  558.531847  0.641397 1.207907 1.004100
5200  413  447.412123  0.619153 1.238705 1.004100
5300  336  358.338706  0.596776 1.273264 1.004100
5400  267  286.915549  0.574293 1.312320 1.004100
5500  222  229.634954  0.551728 1.355657 1.004100
5600  178  183.694164  0.529100 1.403637 1.004100
5700  138  146.850918  0.506424 1.456750 1.004100
5800  107  117.309399  0.483709 1.515549 1.004100
5900  88  93.629987  0.460955 1.580667 1.004100
6000  68  74.657661  0.438153 1.652828 1.004100
6100  57  59.465118  0.415280 1.732860 1.004100
6200  49  47.307468  0.392294 1.821719 1.004100
6300  42  37.586107  0.369133 1.920503 1.004100
6400  30  29.819848  0.345703 2.030484 1.004100
6500  30  23.621829  0.321874 2.153135 1.004100
6600  27  18.681015  0.297465 2.290172 1.004100
6700  19  14.747355  0.272227 2.443592 1.004100
6800  16  11.619873  0.245829 2.615735 1.004100
6900  11  9.137087  0.218659 2.809349 1.004100
7000  10  7.169312  0.192907 3.027670 1.004100
7100  10  5.612458  0.168683 3.274523 1.004100
7200  9  4.383041  0.146122 3.554451 1.004100
7300  7  3.414158  0.125324 3.872864 1.004100
7400  7  2.652247  0.106360 4.236236 1.004100
7500  7  2.054477  0.089264 4.652340 1.004100
7600  7  1.586635  0.074037 5.130556 1.004100
7700  7  1.221435  0.060644 5.682252 1.004100
7800  6  0.937145  0.049022 6.321266 1.004100
7900  6  0.716488  0.039077 7.064531 1.004100
8000  5  0.545752  0.030691 7.932867 1.004100
8100  5  0.414076  0.023730 8.952013 1.004100
8200  4  0.312877  0.018045 10.153961 1.004100
8300  4  0.235386  0.013483 11.578703 1.004100
8400  4  0.176280  0.009889 13.276535 1.004100
8500  3  0.131381  0.007111 15.311098 1.004100
8600  3  0.097422  0.005007 17.763454 1.004100
8700  3  0.071855  0.003448 20.737547 1.004100
8800  2  0.052699  0.002320 24.367625 1.004100
8900  2  0.038420  0.001522 28.828356 1.004100
