STMin::Observed_Data::Expected_Bkg::Shape_Unc_down::Shap_Unc_up::Norm_Unc
2500  177  110.968502  0.966740 1.008580 2.001216
2600  144  83.359753  0.969576 1.010851 2.001216
2700  117  63.038810  0.969504 1.014010 2.001216
2800  97  47.960856  0.968180 1.016797 2.001216
2900  76  36.690525  0.966431 1.018285 2.001216
3000  61  28.209412  0.964058 1.018576 2.001216
3100  51  21.787790  0.960849 1.017979 2.001216
3200  39  16.898006  0.956681 1.016817 2.001216
3300  33  13.155300  0.951792 1.015434 2.001216
3400  30  10.276913  0.946506 1.014209 2.001216
3500  22  8.053542  0.940740 1.013572 2.001216
3600  18  6.329214  0.934322 1.014016 2.001216
3700  12  4.986972  0.926993 1.016125 2.001216
3800  9  3.938604  0.918392 1.019022 2.001216
3900  5  3.117217  0.908039 1.022583 2.001216
4000  2  2.471832  0.895927 1.027068 2.001216
4100  1  1.963413  0.883269 1.032808 2.001216
4200  0  1.561937  0.870000 1.040229 2.001216
4300  0  1.244223  0.856142 1.049647 2.001216
4400  0  0.992299  0.841716 1.060889 2.001216
4500  0  0.792186  0.826738 1.074254 2.001216
4600  0  0.632976  0.811226 1.089213 2.001216
4700  0  0.506126  0.795192 1.105729 2.001216
4800  0  0.404932  0.778651 1.123903 2.001216
4900  0  0.324114  0.761615 1.143870 2.001216
5000  0  0.259508  0.744096 1.165815 2.001216
5100  0  0.207819  0.726107 1.189983 2.001216
5200  0  0.166437  0.707659 1.216705 2.001216
5300  0  0.133289  0.688765 1.246418 2.001216
5400  0  0.106724  0.669436 1.279704 2.001216
5500  0  0.085430  0.649683 1.317331 2.001216
5600  0  0.068357  0.629517 1.360067 2.001216
5700  0  0.054669  0.608944 1.407493 2.001216
5800  0  0.043695  0.587971 1.459902 2.001216
5900  0  0.034898  0.566597 1.517827 2.001216
6000  0  0.027849  0.544817 1.581873 2.001216
6100  0  0.022203  0.522616 1.652730 2.001216
6200  0  0.017683  0.499967 1.731187 2.001216
6300  0  0.014066  0.476828 1.818151 2.001216
6400  0  0.011175  0.453134 1.914663 2.001216
6500  0  0.008866  0.428790 2.021922 2.001216
6600  0  0.007024  0.403664 2.141317 2.001216
6700  0  0.005555  0.377570 2.274456 2.001216
6800  0  0.004386  0.350476 2.423207 2.001216
6900  0  0.003456  0.322096 2.589749 2.001216
7000  0  0.002718  0.292031 2.776631 2.001216
7100  0  0.002133  0.259740 2.986841 2.001216
7200  0  0.001671  0.226312 3.223898 2.001216
7300  0  0.001305  0.195438 3.491954 2.001216
7400  0  0.001017  0.166866 3.795931 2.001216
7500  0  0.000790  0.140760 4.141680 2.001216
7600  0  0.000612  0.117228 4.536185 2.001216
7700  0  0.000473  0.096315 4.987809 2.001216
7800  0  0.000364  0.078004 5.506608 2.001216
7900  0  0.000280  0.062219 6.104725 2.001216
8000  0  0.000214  0.048833 6.796872 2.001216
8100  0  0.000163  0.037677 7.600960 2.001216
8200  0  0.000124  0.028547 8.538874 2.001216
8300  0  0.000094  0.021218 9.637483 2.001216
8400  0  0.000071  0.015452 10.929910 2.001216
8500  0  0.000053  0.011012 12.457177 2.001216
8600  0  0.000039  0.007670 14.270318 2.001216
8700  0  0.000029  0.005214 16.433110 2.001216
8800  0  0.000022  0.003454 19.025631 2.001216
8900  0  0.000016  0.002226 22.148879 2.001216
9000  0  0.000012  0.001393 25.930830 2.001216
9100  0  0.000008  0.000845 30.534364 2.001216
9200  0  0.000006  0.000496 36.167690 2.001216
9300  0  0.000004  0.000281 43.098050 2.001216
9400  0  0.000003  0.000153 51.669761 2.001216
9500  0  0.000002  0.000080 62.327914 2.001216
9600  0  0.000002  0.000040 75.649415 2.001216
9700  0  0.000001  0.000019 92.383384 2.001216
9800  0  0.000001  0.000009 113.503176 2.001216
9900  0  0.000000  0.000004 140.272315 2.001216
