STMin::Observed_Data::Expected_Bkg::Shape_Unc_down::Shap_Unc_up::Norm_Unc
2500  1036  1999.010648  0.840641 1.004616 1.314194
2600  831  1464.552333  0.843746 1.005533 1.314194
2700  647  1079.756641  0.844602 1.007235 1.314194
2800  507  800.647037  0.844772 1.008565 1.314194
2900  388  596.812044  0.844564 1.009361 1.314194
3000  313  447.015948  0.843742 1.009626 1.314194
3100  253  336.297002  0.842060 1.009550 1.314194
3200  197  254.026270  0.839546 1.009335 1.314194
3300  152  192.594819  0.836380 1.009208 1.314194
3400  117  146.516810  0.832736 1.009432 1.314194
3500  94  111.810913  0.828475 1.010321 1.314194
3600  74  85.569897  0.823390 1.011849 1.314194
3700  59  65.658694  0.817174 1.013387 1.314194
3800  49  50.500936  0.809411 1.015209 1.314194
3900  35  38.926963  0.799878 1.017545 1.314194
4000  24  30.064858  0.789487 1.020715 1.314194
4100  17  23.261840  0.778332 1.025145 1.314194
4200  16  18.027208  0.766429 1.031399 1.314194
4300  10  13.990707  0.753797 1.039297 1.314194
4400  7  10.871977  0.740453 1.049160 1.314194
4500  5  8.458028  0.726414 1.060818 1.314194
4600  5  6.586557  0.711698 1.074000 1.314194
4700  5  5.133528  0.696324 1.088894 1.314194
4800  4  4.003902  0.680315 1.105758 1.314194
4900  4  3.124673  0.663692 1.124943 1.314194
5000  3  2.439636  0.646479 1.146559 1.314194
5100  2  1.905425  0.628705 1.170652 1.314194
5200  1  1.488515  0.610397 1.197432 1.314194
5300  0  1.162945  0.591586 1.227140 1.314194
5400  0  0.908572  0.572304 1.260040 1.314194
5500  0  0.709751  0.552584 1.296432 1.314194
5600  0  0.554308  0.532461 1.336652 1.314194
5700  0  0.432759  0.511968 1.381080 1.314194
5800  0  0.337710  0.491139 1.430146 1.314194
5900  0  0.263390  0.470002 1.484336 1.314194
6000  0  0.205288  0.448585 1.544206 1.314194
6100  0  0.159879  0.426905 1.610387 1.314194
6200  0  0.124404  0.404970 1.683600 1.314194
6300  0  0.096704  0.382775 1.764674 1.314194
6400  0  0.075088  0.360294 1.854559 1.314194
6500  0  0.058234  0.337475 1.954351 1.314194
6600  0  0.045102  0.314227 2.065315 1.314194
6700  0  0.034881  0.290413 2.188917 1.314194
6800  0  0.026934  0.265830 2.326862 1.314194
6900  0  0.020763  0.240187 2.481139 1.314194
7000  0  0.015977  0.213075 2.654072 1.314194
7100  0  0.012270  0.185000 2.848392 1.314194
7200  0  0.009404  0.158891 3.067313 1.314194
7300  0  0.007192  0.134897 3.314638 1.314194
7400  0  0.005487  0.113133 3.594879 1.314194
7500  0  0.004176  0.093659 3.913411 1.314194
7600  0  0.003170  0.076481 4.276668 1.314194
7700  0  0.002399  0.061555 4.692377 1.314194
7800  0  0.001811  0.048787 5.169865 1.314194
7900  0  0.001362  0.038044 5.720442 1.314194
8000  0  0.001022  0.029162 6.357886 1.314194
8100  0  0.000763  0.021950 7.099066 1.314194
8200  0  0.000568  0.016207 7.964746 1.314194
8300  0  0.000421  0.011725 8.980621 1.314194
8400  0  0.000311  0.008301 10.178674 1.314194
8500  0  0.000229  0.005744 11.598940 1.314194
8600  0  0.000168  0.003880 13.291859 1.314194
8700  0  0.000122  0.002554 15.321380 1.314194
8800  0  0.000088  0.001636 17.769135 1.314194
8900  0  0.000064  0.001018 20.740071 1.314194
