STMin::Observed_Data::Expected_Bkg::Shape_Unc_down::Shap_Unc_up::Norm_Unc
2500  819  1264.242118  0.987501 1.113724 1.291796
2600  648  949.964164  0.992004 1.117233 1.291796
2700  507  719.016147  0.992187 1.120682 1.291796
2800  405  547.819712  0.990222 1.122478 1.291796
2900  316  419.902126  0.987838 1.122113 1.291796
3000  250  323.623488  0.984754 1.119803 1.291796
3100  194  250.672311  0.980669 1.115956 1.291796
3200  155  195.056101  0.975394 1.110991 1.291796
3300  124  152.415499  0.969244 1.105350 1.291796
3400  95  119.552769  0.962502 1.099511 1.291796
3500  77  94.104121  0.954989 1.093998 1.291796
3600  62  74.309652  0.946389 1.089166 1.291796
3700  49  58.850291  0.936260 1.084402 1.291796
3800  40  46.731207  0.924012 1.079949 1.291796
3900  29  37.197737  0.908882 1.076278 1.291796
4000  21  29.674293  0.891059 1.073973 1.291796
4100  14  23.719637  0.872667 1.073756 1.291796
4200  10  18.993919  0.853500 1.076516 1.291796
4300  7  15.234214  0.833629 1.083340 1.291796
4400  4  12.236267  0.813118 1.094376 1.291796
4500  2  9.840786  0.792031 1.110223 1.291796
4600  2  7.923090  0.770425 1.131169 1.291796
4700  2  6.385258  0.748355 1.155742 1.291796
4800  1  5.150146  0.725876 1.182916 1.291796
4900  1  4.156791  0.703038 1.212840 1.291796
5000  1  3.356892  0.679891 1.245679 1.291796
5100  1  2.712073  0.656482 1.281614 1.291796
5200  1  2.191781  0.632859 1.320847 1.291796
5300  0  1.771626  0.609067 1.363600 1.291796
5400  0  1.432108  0.585148 1.410120 1.291796
5500  0  1.157599  0.561144 1.460680 1.291796
5600  0  0.935558  0.537094 1.515584 1.291796
5700  0  0.755902  0.513034 1.575168 1.291796
5800  0  0.610513  0.488997 1.639807 1.291796
5900  0  0.492847  0.465009 1.709920 1.291796
6000  0  0.397622  0.441093 1.785971 1.291796
6100  0  0.320570  0.417260 1.868481 1.291796
6200  0  0.258240  0.393515 1.958033 1.291796
6300  0  0.207838  0.369848 2.055283 1.291796
6400  0  0.167102  0.346234 2.160967 1.291796
6500  0  0.134198  0.322625 2.275918 1.291796
6600  0  0.107639  0.298948 2.401079 1.291796
6700  0  0.086219  0.275096 2.537526 1.291796
6800  0  0.068960  0.250918 2.686483 1.291796
6900  0  0.055069  0.226208 2.849361 1.291796
7000  0  0.043900  0.200685 3.027783 1.291796
7100  0  0.034933  0.173976 3.223636 1.291796
7200  0  0.027744  0.149191 3.439121 1.291796
7300  0  0.021988  0.126567 3.676824 1.291796
7400  0  0.017388  0.106157 3.939808 1.291796
7500  0  0.013718  0.087970 4.231724 1.291796
7600  0  0.010796  0.071974 4.556962 1.291796
7700  0  0.008473  0.058096 4.920846 1.291796
7800  0  0.006632  0.046229 5.329887 1.291796
7900  0  0.005176  0.036233 5.792128 1.291796
8000  0  0.004027  0.027947 6.317597 1.291796
8100  0  0.003122  0.021194 6.918920 1.291796
8200  0  0.002413  0.015786 7.612155 1.291796
8300  0  0.001857  0.011537 8.417940 1.291796
8400  0  0.001424  0.008263 9.363062 1.291796
8500  0  0.001088  0.005794 10.482663 1.291796
8600  0  0.000827  0.003971 11.823312 1.291796
8700  0  0.000626  0.002657 13.447366 1.291796
8800  0  0.000472  0.001733 15.439189 1.291796
8900  0  0.000354  0.001101 17.861031 1.291796
