STMin::Observed_Data::Expected_Bkg::Shape_Unc_down::Shap_Unc_up::Norm_Unc
2500  225  221.103102  0.989938 1.013774 1.709293
2600  183  166.003154  0.991732 1.014180 1.709293
2700  147  125.424624  0.990773 1.015553 1.709293
2800  116  95.317525  0.988684 1.016896 1.709293
2900  81  72.826027  0.986234 1.017298 1.709293
3000  61  55.916992  0.983037 1.016987 1.709293
3100  51  43.130071  0.978687 1.016301 1.709293
3200  41  33.407656  0.972854 1.015619 1.709293
3300  31  25.977907  0.965842 1.014702 1.709293
3400  27  20.273493  0.958260 1.013828 1.709293
3500  23  15.874608  0.949965 1.013341 1.709293
3600  21  12.468663  0.940745 1.013652 1.709293
3700  12  9.821532  0.930301 1.015255 1.709293
3800  11  7.756897  0.918233 1.017048 1.709293
3900  7  6.141286  0.904030 1.019156 1.709293
4000  3  4.873170  0.888139 1.021808 1.709293
4100  3  3.874969  0.871366 1.025305 1.709293
4200  2  3.087145  0.853750 1.030039 1.709293
4300  1  2.463823  0.835329 1.036289 1.709293
4400  1  1.969523  0.816143 1.043844 1.709293
4500  1  1.576704  0.796230 1.052947 1.709293
4600  1  1.263914  0.775633 1.063031 1.709293
4700  1  1.014396  0.754393 1.074018 1.709293
4800  1  0.815016  0.732555 1.085960 1.709293
4900  1  0.655452  0.710166 1.098939 1.709293
5000  1  0.527572  0.687273 1.113078 1.709293
5100  1  0.424953  0.663926 1.128552 1.709293
5200  1  0.342508  0.640177 1.145608 1.709293
5300  1  0.276202  0.616080 1.164587 1.709293
5400  1  0.222824  0.591688 1.185945 1.709293
5500  1  0.179818  0.567058 1.210291 1.709293
5600  1  0.145144  0.542244 1.237866 1.709293
5700  1  0.117170  0.517301 1.267963 1.709293
5800  1  0.094590  0.492282 1.300945 1.709293
5900  1  0.076355  0.467238 1.337070 1.709293
6000  1  0.061626  0.442216 1.376626 1.709293
6100  0  0.049724  0.417257 1.419937 1.709293
6200  0  0.040107  0.392395 1.467366 1.709293
6300  0  0.032336  0.367653 1.519323 1.709293
6400  0  0.026056  0.343042 1.576271 1.709293
6500  0  0.020982  0.318558 1.638732 1.709293
6600  0  0.016884  0.294173 1.707299 1.709293
6700  0  0.013575  0.269836 1.782648 1.709293
6800  0  0.010904  0.245460 1.865547 1.709293
6900  0  0.008750  0.220917 1.956876 1.709293
7000  0  0.007013  0.196026 2.057642 1.709293
7100  0  0.005614  0.170538 2.169002 1.709293
7200  0  0.004488  0.145051 2.292290 1.709293
7300  0  0.003583  0.121985 2.429048 1.709293
7400  0  0.002856  0.101321 2.581063 1.709293
7500  0  0.002272  0.083059 2.750415 1.709293
7600  0  0.001805  0.067149 2.939529 1.709293
7700  0  0.001431  0.053495 3.151249 1.709293
7800  0  0.001132  0.041961 3.388912 1.709293
7900  0  0.000893  0.032376 3.656457 1.709293
8000  0  0.000704  0.024551 3.958550 1.709293
8100  0  0.000553  0.018277 4.300738 1.709293
8200  0  0.000433  0.013345 4.689642 1.709293
8300  0  0.000338  0.009544 5.133205 1.709293
8400  0  0.000263  0.006679 5.640996 1.709293
8500  0  0.000205  0.004567 6.224597 1.709293
8600  0  0.000158  0.003047 6.898100 1.709293
8700  0  0.000122  0.001981 7.678738 1.709293
8800  0  0.000094  0.001253 8.587699 1.709293
8900  0  0.000072  0.000770 9.651188 1.709293
