STMin::Observed_Data::Expected_Bkg::Shape_Unc_down::Shap_Unc_up::Norm_Unc
2500  30464  32058.194670  0.960616 1.015849 1.033086
2600  22789  23240.183768  0.969878 1.021127 1.033086
2700  17112  16960.890759  0.976154 1.028655 1.033086
2800  12713  12454.105117  0.982649 1.037363 1.033086
2900  9597  9196.093234  0.987838 1.047132 1.033086
3000  7226  6825.205854  0.989830 1.058833 1.033086
3100  5438  5089.365247  0.987403 1.072766 1.033086
3200  4152  3811.339914  0.983335 1.087202 1.033086
3300  3201  2865.519103  0.978602 1.102688 1.033086
3400  2422  2162.213998  0.973185 1.117106 1.033086
3500  1874  1636.941719  0.966812 1.129773 1.033086
3600  1450  1243.043382  0.959077 1.140683 1.033086
3700  1088  946.555297  0.949407 1.150046 1.033086
3800  830  722.617041  0.937032 1.158325 1.033086
3900  639  552.937019  0.923541 1.166284 1.033086
4000  488  423.991617  0.909022 1.175045 1.033086
4100  367  325.737185  0.893479 1.186165 1.033086
4200  279  250.683104  0.876892 1.201724 1.033086
4300  215  193.220842  0.859223 1.221742 1.033086
4400  164  149.135644  0.840401 1.244524 1.033086
4500  125  115.249318  0.820321 1.269355 1.033086
4600  95  89.157652  0.798829 1.296433 1.033086
4700  75  69.036521  0.775711 1.325978 1.033086
4800  58  53.498091  0.750679 1.358226 1.033086
4900  47  41.483752  0.723344 1.393438 1.033086
5000  36  32.184094  0.693190 1.431901 1.033086
5100  28  24.978875  0.659539 1.473933 1.033086
5200  18  19.391842  0.621502 1.519886 1.033086
5300  14  15.056616  0.577916 1.570155 1.033086
5400  12  11.690858  0.530248 1.625182 1.033086
5500  10  9.076648  0.484451 1.685461 1.033086
5600  8  7.045551  0.440123 1.751552 1.033086
5700  7  5.467207  0.397583 1.824084 1.033086
5800  5  4.240609  0.357097 1.903773 1.033086
5900  2  3.287416  0.318877 1.991432 1.033086
6000  1  2.546807  0.283082 2.087984 1.033086
6100  1  1.971534  0.249819 2.194488 1.033086
6200  0  1.524861  0.219145 2.312156 1.033086
6300  0  1.178217  0.191074 2.442378 1.033086
6400  0  0.909369  0.165577 2.586760 1.033086
6500  0  0.701010  0.142592 2.747156 1.033086
6600  0  0.539669  0.122025 2.925715 1.033086
6700  0  0.414857  0.103758 3.124936 1.033086
6800  0  0.318408  0.087653 3.347736 1.033086
6900  0  0.243966  0.073561 3.597529 1.033086
7000  0  0.186588  0.061321 3.878324 1.033086
7100  0  0.142425  0.050770 4.194846 1.033086
7200  0  0.108487  0.041743 4.552688 1.033086
7300  0  0.082453  0.034078 4.958487 1.033086
7400  0  0.062517  0.027621 5.420158 1.033086
7500  0  0.047282  0.022222 5.947176 1.033086
7600  0  0.035665  0.017744 6.550930 1.033086
7700  0  0.026825  0.014059 7.245171 1.033086
7800  0  0.020116  0.011052 8.046576 1.033086
7900  0  0.015037  0.008618 8.975470 1.033086
8000  0  0.011203  0.006664 10.056743 1.033086
8100  0  0.008317  0.005110 11.321032 1.033086
8200  0  0.006151  0.003883 12.806252 1.033086
8300  0  0.004531  0.002924 14.559582 1.033086
8400  0  0.003324  0.002182 16.640076 1.033086
8500  0  0.002428  0.001612 19.122091 1.033086
8600  0  0.001765  0.001179 22.099856 1.033086
8700  0  0.001277  0.000853 25.693562 1.033086
8800  0  0.000919  0.000611 30.057587 1.033086
8900  0  0.000658  0.000431 35.391649 1.033086
