STMin::Observed_Data::Expected_Bkg::Shape_Unc_down::Shap_Unc_up::Norm_Unc
2500  57426  58467.865387  0.986287 1.011729 1.014502
2600  43641  43933.338440  0.990387 1.015008 1.014502
2700  33397  33252.601469  0.990051 1.019341 1.014502
2800  25428  25335.217596  0.987681 1.023557 1.014502
2900  19520  19419.366457  0.984523 1.025811 1.014502
3000  14939  14966.733259  0.980453 1.026399 1.014502
3100  11473  11592.933589  0.975116 1.025728 1.014502
3200  8896  9020.830505  0.968258 1.024226 1.014502
3300  6942  7048.815039  0.960111 1.022358 1.014502
3400  5404  5529.000421  0.950860 1.020637 1.014502
3500  4257  4352.067554  0.940198 1.019639 1.014502
3600  3372  3436.625530  0.927983 1.020027 1.014502
3700  2612  2721.670840  0.914627 1.022575 1.014502
3800  2031  2161.195152  0.899829 1.027297 1.014502
3900  1613  1720.297289  0.883248 1.032819 1.014502
4000  1263  1372.357811  0.864881 1.039699 1.014502
4100  994  1096.970681  0.845783 1.048362 1.014502
4200  770  878.418672  0.826007 1.059339 1.014502
4300  599  704.542231  0.805624 1.073039 1.014502
4400  477  565.895110  0.784695 1.089396 1.014502
4500  370  455.110413  0.763280 1.109058 1.014502
4600  296  366.422007  0.741435 1.131167 1.014502
4700  243  295.301369  0.719212 1.155741 1.014502
4800  196  238.180670  0.696662 1.182915 1.014502
4900  158  192.240644  0.673833 1.212839 1.014502
5000  130  155.247385  0.650772 1.245677 1.014502
5100  101  125.426250  0.627523 1.281613 1.014502
5200  83  101.364073  0.604128 1.320845 1.014502
5300  68  81.933037  0.580631 1.363598 1.014502
5400  57  66.231202  0.557069 1.410118 1.014502
5500  48  53.535900  0.533479 1.460678 1.014502
5600  40  43.267093  0.509897 1.515582 1.014502
5700  31  34.958471  0.486352 1.575166 1.014502
5800  24  28.234613  0.462872 1.639805 1.014502
5900  16  22.792869  0.439477 1.709917 1.014502
6000  12  18.388961  0.416182 1.785968 1.014502
6100  10  14.825519  0.392993 1.868478 1.014502
6200  9  11.942923  0.369904 1.958030 1.014502
6300  8  9.611976  0.346894 2.055280 1.014502
6400  6  7.728037  0.323927 2.160964 1.014502
6500  6  6.206301  0.300941 2.275914 1.014502
6600  5  4.978010  0.277847 2.401076 1.014502
6700  5  3.987396  0.254516 2.537522 1.014502
6800  4  3.189219  0.230774 2.686480 1.014502
6900  3  2.546774  0.206381 2.849357 1.014502
7000  2  2.030280  0.181023 3.027779 1.014502
7100  2  1.615580  0.156821 3.223632 1.014502
7200  2  1.283079  0.134480 3.439116 1.014502
7300  1  1.016893  0.114086 3.676819 1.014502
7400  0  0.804149  0.095688 3.939803 1.014502
7500  0  0.634420  0.079295 4.231719 1.014502
7600  0  0.499270  0.064876 4.556956 1.014502
7700  0  0.391875  0.052367 4.920839 1.014502
7800  0  0.306723  0.041670 5.329880 1.014502
7900  0  0.239365  0.032660 5.792121 1.014502
8000  0  0.186217  0.025191 6.317590 1.014502
8100  0  0.144393  0.019104 6.918912 1.014502
8200  0  0.111573  0.014229 7.612147 1.014502
8300  0  0.085896  0.010399 8.417931 1.014502
8400  0  0.065871  0.007448 9.363054 1.014502
8500  0  0.050308  0.005222 10.482654 1.014502
8600  0  0.038256  0.003580 11.823302 1.014502
8700  0  0.028958  0.002395 13.447357 1.014502
8800  0  0.021814  0.001563 15.439180 1.014502
8900  0  0.016349  0.000992 17.861021 1.014502
