STMin::Observed_Data::Expected_Bkg::Shape_Unc_down::Shap_Unc_up::Norm_Unc
2500  161358  161285.234001  0.990573 1.008579 1.005507
2600  121625  121157.779234  0.993745 1.010851 1.005507
2700  92415  91622.658351  0.993649 1.014010 1.005507
2800  70595  69707.869433  0.992171 1.016797 1.005507
2900  54119  53327.203549  0.990372 1.018285 1.005507
3000  41735  41000.477187  0.988022 1.018575 1.005507
3100  32098  31667.083363  0.984857 1.017978 1.005507
3200  24895  24560.112799  0.980685 1.016816 1.005507
3300  19278  19120.341465  0.975763 1.015434 1.005507
3400  15039  14936.799652  0.970319 1.014210 1.005507
3500  11757  11705.279557  0.964370 1.013572 1.005507
3600  9258  9199.085457  0.957744 1.014016 1.005507
3700  7319  7248.227246  0.950172 1.016127 1.005507
3800  5785  5724.494634  0.941280 1.019024 1.005507
3900  4605  4530.664949  0.930574 1.022587 1.005507
4000  3652  3592.641761  0.918042 1.027073 1.005507
4100  2873  2853.688443  0.904921 1.032816 1.005507
4200  2287  2270.170674  0.891138 1.040240 1.005507
4300  1805  1808.393667  0.876706 1.049661 1.005507
4400  1475  1442.239008  0.861637 1.060907 1.005507
4500  1178  1151.389302  0.845934 1.074277 1.005507
4600  923  919.987572  0.829596 1.089241 1.005507
4700  737  735.620024  0.812617 1.105764 1.005507
4800  583  588.540656  0.794984 1.123946 1.005507
4900  463  471.077675  0.776781 1.143924 1.005507
5000  362  377.177228  0.758091 1.165882 1.005507
5100  290  302.051355  0.738932 1.190067 1.005507
5200  240  241.905361  0.719324 1.216810 1.005507
5300  189  193.725984  0.699284 1.246549 1.005507
5400  151  155.116263  0.678834 1.279868 1.005507
5500  115  124.166425  0.657991 1.317534 1.005507
5600  92  99.352653  0.636774 1.360322 1.005507
5700  71  79.457490  0.615200 1.407813 1.005507
5800  57  63.507112  0.593285 1.460304 1.005507
5900  46  50.721766  0.571040 1.518332 1.005507
6000  43  40.476533  0.548472 1.582506 1.005507
6100  37  32.270199  0.525583 1.653525 1.005507
6200  25  25.700504  0.502363 1.732188 1.005507
6300  24  20.444445  0.478792 1.819410 1.005507
6400  20  16.242550  0.454832 1.916249 1.005507
6500  18  12.886332  0.430420 2.023924 1.005507
6600  15  10.208241  0.405466 2.143846 1.005507
6700  15  8.073621  0.379836 2.277654 1.005507
6800  15  6.374265  0.353346 2.427259 1.005507
6900  14  5.023233  0.325739 2.594893 1.005507
7000  10  3.950700  0.296663 2.783174 1.005507
7100  9  3.100606  0.265643 2.995180 1.005507
7200  8  2.427972  0.232037 3.234549 1.005507
7300  7  1.896734  0.200383 3.505590 1.005507
7400  6  1.477997  0.171087 3.813433 1.005507
7500  6  1.148634  0.144321 4.164203 1.005507
7600  6  0.890154  0.120194 4.565249 1.005507
7700  5  0.687789  0.098752 5.025425 1.005507
7800  4  0.529761  0.079977 5.555446 1.005507
7900  4  0.406692  0.063792 6.168340 1.005507
8000  4  0.311124  0.050068 6.880025 1.005507
8100  4  0.237137  0.038630 7.710048 1.005507
8200  4  0.180045  0.029269 8.682541 1.005507
8300  4  0.136139  0.021754 9.827459 1.005507
8400  4  0.102497  0.015842 11.182201 1.005507
8500  3  0.076818  0.011290 12.793738 1.005507
8600  3  0.057296  0.007864 14.721435 1.005507
8700  3  0.042520  0.005345 17.040813 1.005507
8800  2  0.031386  0.003541 19.848604 1.005507
8900  2  0.023038  0.002282 23.269598 1.005507
