STMin::Observed_Data::Expected_Bkg::Shape_Unc_down::Shap_Unc_up::Norm_Unc
2500  125482  124958.942908  0.988139 1.010439 1.007095
2600  94477  93925.564538  0.989067 1.011585 1.007095
2700  71838  71033.453738  0.987378 1.015064 1.007095
2800  54883  54019.052085  0.985907 1.018523 1.007095
2900  42130  41286.266473  0.984006 1.021750 1.007095
3000  32516  31698.017235  0.980809 1.025219 1.007095
3100  25016  24436.547079  0.976439 1.029449 1.007095
3200  19374  18908.615508  0.971456 1.035031 1.007095
3300  14956  14680.397912  0.965757 1.042152 1.007095
3400  11670  11432.294274  0.958891 1.050091 1.007095
3500  9138  8927.240807  0.950190 1.059444 1.007095
3600  7162  6988.280628  0.938731 1.071174 1.007095
3700  5663  5482.548817  0.923966 1.086613 1.007095
3800  4474  4309.743924  0.906938 1.107522 1.007095
3900  3569  3393.765671  0.887184 1.133627 1.007095
4000  2831  2676.605970  0.864141 1.164366 1.007095
4100  2216  2113.856244  0.837092 1.199576 1.007095
4200  1767  1671.382714  0.805898 1.239633 1.007095
4300  1392  1322.851589  0.772547 1.284958 1.007095
4400  1134  1047.876746  0.737373 1.336023 1.007095
4500  909  830.626168  0.700715 1.393362 1.007095
4600  731  658.768433  0.662928 1.457581 1.007095
4700  591  522.672661  0.624371 1.529364 1.007095
4800  472  414.798333  0.585402 1.609492 1.007095
4900  381  329.228058  0.546367 1.698848 1.007095
5000  302  261.308462  0.507600 1.798441 1.007095
5100  244  207.373188  0.469408 1.909416 1.007095
5200  208  164.528538  0.432076 2.033081 1.007095
5300  165  130.487072  0.395857 2.170930 1.007095
5400  134  103.438058  0.360973 2.324667 1.007095
5500  109  81.946346  0.327609 2.496244 1.007095
5600  92  64.873226  0.295917 2.687897 1.007095
5700  75  51.314341  0.266015 2.902192 1.007095
5800  63  40.550880  0.237985 3.142077 1.007095
5900  56  32.011138  0.211879 3.410946 1.007095
6000  52  25.240163  0.187718 3.712714 1.007095
6100  48  19.875780  0.165496 4.051901 1.007095
6200  40  15.629588  0.145183 4.433739 1.007095
6300  38  12.271909  0.126729 4.864293 1.007095
6400  34  9.619826  0.110063 5.350611 1.007095
6500  32  7.527681  0.095104 5.900897 1.007095
6600  30  5.879518  0.081755 6.524721 1.007095
6700  30  4.583055  0.069916 7.233275 1.007095
6800  30  3.564893  0.059477 8.039671 1.007095
6900  30  2.766686  0.050328 8.959312 1.007095
7000  27  2.142088  0.042356 10.010336 1.007095
7100  24  1.654319  0.035452 11.214149 1.007095
7200  23  1.274220  0.029509 12.596085 1.007095
7300  21  0.978698  0.024423 14.186207 1.007095
7400  20  0.749491  0.020098 16.020285 1.007095
7500  19  0.572176  0.016442 18.141005 1.007095
7600  19  0.435377  0.013371 20.599456 1.007095
7700  17  0.330142  0.010808 23.456976 1.007095
7800  14  0.249435  0.008682 26.787448 1.007095
7900  14  0.187738  0.006929 30.680158 1.007095
8000  14  0.140735  0.005495 35.243398 1.007095
8100  14  0.105055  0.004328 40.608991 1.007095
8200  12  0.078073  0.003386 46.938027 1.007095
8300  12  0.057750  0.002630 54.428172 1.007095
8400  12  0.042507  0.002028 63.323016 1.007095
8500  11  0.031127  0.001553 73.924120 1.007095
8600  11  0.022669  0.001179 86.606637 1.007095
8700  11  0.016415  0.000889 101.839698 1.007095
8800  10  0.011814  0.000664 120.213236 1.007095
8900  10  0.008449  0.000492 142.473559 1.007095
