STMin::Observed_Data::Expected_Bkg::Shape_Unc_down::Shap_Unc_up::Norm_Unc
2500  1312  1655.763343  0.961396 1.011347 1.260679
2600  1026  1244.779761  0.965686 1.013941 1.260679
2700  804  941.787436  0.966490 1.017980 1.260679
2800  609  716.712416  0.965629 1.021923 1.260679
2900  470  548.349979  0.964422 1.024268 1.260679
3000  390  421.600608  0.962583 1.025075 1.260679
3100  326  325.613532  0.959814 1.024683 1.260679
3200  243  252.524911  0.955901 1.023462 1.260679
3300  193  196.590621  0.950986 1.021827 1.260679
3400  169  153.584082  0.945275 1.020253 1.260679
3500  130  120.374066  0.938598 1.019289 1.260679
3600  99  94.626035  0.930658 1.019582 1.260679
3700  74  74.589066  0.921050 1.021901 1.260679
3800  56  58.942638  0.909239 1.025724 1.260679
3900  41  46.685644  0.894541 1.030267 1.260679
4000  30  37.055422  0.878230 1.035819 1.260679
4100  28  29.468307  0.860908 1.042757 1.260679
4200  19  23.475700  0.842636 1.051562 1.260679
4300  18  18.731429  0.823471 1.062549 1.260679
4400  14  14.967354  0.803467 1.075581 1.260679
4500  13  11.975038  0.782676 1.091074 1.260679
4600  12  9.591918  0.761148 1.108520 1.260679
4700  9  7.690814  0.738930 1.127748 1.260679
4800  6  6.171935  0.716066 1.148846 1.260679
4900  6  4.956768  0.692593 1.171900 1.260679
5000  3  3.983382  0.668549 1.197004 1.260679
5100  2  3.202807  0.643961 1.224264 1.260679
5200  2  2.576240  0.618850 1.253796 1.260679
5300  2  2.072862  0.593324 1.285729 1.260679
5400  2  1.668156  0.567712 1.320210 1.260679
5500  2  1.342576  0.542086 1.357399 1.260679
5600  2  1.080519  0.516516 1.397479 1.260679
5700  2  0.869506  0.491070 1.440657 1.260679
5800  2  0.699545  0.465815 1.487166 1.260679
5900  1  0.562623  0.440816 1.537270 1.260679
6000  1  0.452309  0.416135 1.591275 1.260679
6100  1  0.363434  0.391834 1.649531 1.260679
6200  0  0.291840  0.367968 1.712443 1.260679
6300  0  0.234181  0.344591 1.780483 1.260679
6400  0  0.187758  0.321749 1.854206 1.260679
6500  0  0.150398  0.299486 1.934267 1.260679
6600  0  0.120349  0.277838 2.021446 1.260679
6700  0  0.096194  0.256831 2.116677 1.260679
6800  0  0.076792  0.236484 2.221090 1.260679
6900  0  0.061221  0.216806 2.336059 1.260679
7000  0  0.048736  0.197792 2.463267 1.260679
7100  0  0.038736  0.179421 2.604797 1.260679
7200  0  0.030736  0.161653 2.763235 1.260679
7300  0  0.024344  0.144428 2.941824 1.260679
7400  0  0.019245  0.127654 3.144653 1.260679
7500  0  0.015182  0.111206 3.376917 1.260679
7600  0  0.011951  0.094911 3.645253 1.260679
7700  0  0.009385  0.078541 3.954337 1.260679
7800  0  0.007352  0.062617 4.303748 1.260679
7900  0  0.005744  0.049175 4.701391 1.260679
8000  0  0.004476  0.037974 5.155503 1.260679
8100  0  0.003477  0.028806 5.676003 1.260679
8200  0  0.002693  0.021442 6.274897 1.260679
8300  0  0.002079  0.015645 6.966785 1.260679
8400  0  0.001599  0.011176 7.769509 1.260679
8500  0  0.001225  0.007806 8.704990 1.260679
8600  0  0.000935  0.005324 9.800307 1.260679
8700  0  0.000711  0.003540 11.089101 1.260679
8800  0  0.000538  0.002292 12.613419 1.260679
8900  0  0.000406  0.001442 14.426137 1.260679
