STMin::Observed_Data::Expected_Bkg::Shape_Unc_down::Shap_Unc_up::Norm_Unc
2500  13179  16207.863670  0.894229 1.008947 1.054313
2600  9923  11715.419274  0.907912 1.011492 1.054313
2700  7448  8531.236472  0.918725 1.014829 1.054313
2800  5631  6255.056895  0.928374 1.016627 1.054313
2900  4297  4615.133178  0.937130 1.018533 1.054313
3000  3324  3425.007325  0.944621 1.019788 1.054313
3100  2532  2555.482081  0.950438 1.020598 1.054313
3200  1939  1916.217308  0.954350 1.021378 1.054313
3300  1456  1443.505524  0.956707 1.022620 1.054313
3400  1132  1092.063816  0.957370 1.024918 1.054313
3500  882  829.466720  0.955945 1.029004 1.054313
3600  688  632.334531  0.951875 1.035489 1.054313
3700  533  483.700336  0.945274 1.043764 1.054313
3800  414  371.176095  0.937372 1.054280 1.054313
3900  320  285.665251  0.926989 1.067564 1.054313
4000  242  220.452335  0.912782 1.082965 1.054313
4100  185  170.554679  0.897282 1.101147 1.054313
4200  147  132.257745  0.880814 1.123229 1.054313
4300  113  102.780005  0.863408 1.149458 1.054313
4400  91  80.029817  0.845097 1.181097 1.054313
4500  67  62.428088  0.825915 1.218677 1.054313
4600  52  48.778221  0.805899 1.263295 1.054313
4700  40  38.170275  0.785086 1.315826 1.054313
4800  33  29.910001  0.763520 1.374905 1.054313
4900  27  23.466060  0.741245 1.441108 1.054313
5000  18  18.430601  0.718310 1.515121 1.054313
5100  14  14.489698  0.694767 1.597720 1.054313
5200  11  11.401088  0.670671 1.689781 1.054313
5300  8  8.977357  0.646081 1.792295 1.054313
5400  6  7.073191  0.621060 1.906385 1.054313
5500  6  5.575677  0.595671 2.033317 1.054313
5600  5  4.396903  0.569980 2.174526 1.054313
5700  5  3.468290  0.544056 2.331636 1.054313
5800  5  2.736255  0.517964 2.506486 1.054313
5900  4  2.158857  0.491773 2.701162 1.054313
6000  2  1.703223  0.465547 2.918026 1.054313
6100  2  1.343550  0.439346 3.159761 1.054313
6200  2  1.059559  0.413224 3.429417 1.054313
6300  2  0.835296  0.387226 3.730457 1.054313
6400  1  0.658194  0.361385 4.066825 1.054313
6500  1  0.518346  0.335720 4.443012 1.054313
6600  1  0.407936  0.310226 4.864141 1.054313
6700  1  0.320792  0.284873 5.336057 1.054313
6800  1  0.252039  0.259595 5.865440 1.054313
6900  1  0.197823  0.234283 6.459934 1.054313
7000  0  0.155096  0.208766 7.128292 1.054313
7100  0  0.121448  0.182803 7.880551 1.054313
7200  0  0.094972  0.156053 8.728238 1.054313
7300  0  0.074158  0.129300 9.684601 1.054313
7400  0  0.057814  0.105696 10.764892 1.054313
7500  0  0.044995  0.085111 11.986694 1.054313
7600  0  0.034953  0.067453 13.370298 1.054313
7700  0  0.027098  0.052565 14.939164 1.054313
7800  0  0.020964  0.040238 16.720449 1.054313
7900  0  0.016181  0.030227 18.745640 1.054313
8000  0  0.012459  0.022257 21.051303 1.054313
8100  0  0.009569  0.016045 23.679971 1.054313
8200  0  0.007328  0.011311 26.681205 1.054313
8300  0  0.005596  0.007787 30.112853 1.054313
8400  0  0.004260  0.005227 34.042564 1.054313
8500  0  0.003232  0.003417 38.549605 1.054313
8600  0  0.002443  0.002171 43.727040 1.054313
8700  0  0.001840  0.001339 49.684371 1.054313
8800  0  0.001381  0.000800 56.550729 1.054313
8900  0  0.001031  0.000462 64.478765 1.054313
