STMin::Observed_Data::Expected_Bkg::Shape_Unc_down::Shap_Unc_up::Norm_Unc
2600  51  244.092055  0.843745 1.005534 1.717903
2700  40  179.959440  0.844602 1.007236 1.717903
2800  33  133.441173  0.844772 1.008565 1.717903
2900  28  99.468674  0.844563 1.009361 1.717903
3000  22  74.502658  0.843741 1.009626 1.717903
3100  19  56.049500  0.842058 1.009550 1.717903
3200  17  42.337712  0.839544 1.009335 1.717903
3300  10  32.099136  0.836378 1.009208 1.717903
3400  8  24.419468  0.832734 1.009431 1.717903
3500  8  18.635152  0.828473 1.010321 1.717903
3600  6  14.261650  0.823388 1.011849 1.717903
3700  4  10.943116  0.817173 1.013387 1.717903
3800  4  8.416823  0.809410 1.015209 1.717903
3900  3  6.487827  0.799877 1.017545 1.717903
4000  2  5.010810  0.789486 1.020715 1.717903
4100  2  3.876973  0.778331 1.025145 1.717903
4200  2  3.004535  0.766429 1.031399 1.717903
4300  2  2.331785  0.753797 1.039297 1.717903
4400  1  1.811996  0.740452 1.049161 1.717903
4500  0  1.409671  0.726413 1.060819 1.717903
4600  0  1.097759  0.711697 1.074000 1.717903
4700  0  0.855588  0.696323 1.088893 1.717903
4800  0  0.667317  0.680314 1.105758 1.717903
4900  0  0.520779  0.663691 1.124942 1.717903
5000  0  0.406606  0.646479 1.146558 1.717903
5100  0  0.317571  0.628704 1.170650 1.717903
5200  0  0.248086  0.610396 1.197431 1.717903
5300  0  0.193824  0.591585 1.227138 1.717903
5400  0  0.151429  0.572303 1.260038 1.717903
5500  0  0.118292  0.552583 1.296430 1.717903
5600  0  0.092385  0.532460 1.336650 1.717903
5700  0  0.072126  0.511967 1.381079 1.717903
5800  0  0.056285  0.491138 1.430144 1.717903
5900  0  0.043898  0.470002 1.484335 1.717903
6000  0  0.034215  0.448584 1.544204 1.717903
6100  0  0.026646  0.426904 1.610385 1.717903
6200  0  0.020734  0.404970 1.683599 1.717903
6300  0  0.016117  0.382775 1.764673 1.717903
6400  0  0.012515  0.360294 1.854558 1.717903
6500  0  0.009706  0.337474 1.954349 1.717903
6600  0  0.007517  0.314226 2.065313 1.717903
6700  0  0.005814  0.290413 2.188915 1.717903
6800  0  0.004489  0.265830 2.326860 1.717903
6900  0  0.003461  0.240186 2.481137 1.717903
7000  0  0.002663  0.213075 2.654070 1.717903
7100  0  0.002045  0.185000 2.848389 1.717903
7200  0  0.001567  0.158891 3.067310 1.717903
7300  0  0.001199  0.134897 3.314635 1.717903
7400  0  0.000914  0.113133 3.594875 1.717903
7500  0  0.000696  0.093659 3.913408 1.717903
7600  0  0.000528  0.076481 4.276664 1.717903
7700  0  0.000400  0.061555 4.692372 1.717903
7800  0  0.000302  0.048787 5.169860 1.717903
7900  0  0.000227  0.038044 5.720437 1.717903
8000  0  0.000170  0.029162 6.357880 1.717903
8100  0  0.000127  0.021950 7.099059 1.717903
8200  0  0.000095  0.016207 7.964738 1.717903
8300  0  0.000070  0.011725 8.980613 1.717903
8400  0  0.000052  0.008301 10.178664 1.717903
8500  0  0.000038  0.005744 11.598929 1.717903
8600  0  0.000028  0.003880 13.291846 1.717903
8700  0  0.000020  0.002554 15.321365 1.717903
8800  0  0.000015  0.001636 17.769117 1.717903
8900  0  0.000011  0.001018 20.740050 1.717903
