STMin::Observed_Data::Expected_Bkg::Shape_Unc_down::Shap_Unc_up::Norm_Unc
2500  2461  2610.887290  0.990444 1.025013 1.064935
2600  1921  1962.477090  0.990646 1.027542 1.064935
2700  1474  1484.170218  0.989056 1.030857 1.064935
2800  1152  1128.671972  0.988115 1.034375 1.064935
2900  893  862.633645  0.986895 1.037509 1.064935
3000  724  662.297139  0.984441 1.040624 1.064935
3100  580  510.576264  0.980109 1.044182 1.064935
3200  450  395.075877  0.974586 1.048698 1.064935
3300  352  306.731663  0.968005 1.054767 1.064935
3400  298  238.865912  0.960160 1.063089 1.064935
3500  240  186.525422  0.950595 1.074505 1.064935
3600  197  146.012863  0.938682 1.088813 1.064935
3700  150  114.552162  0.923963 1.106336 1.064935
3800  119  90.047622  0.906936 1.127922 1.064935
3900  89  70.909208  0.887182 1.154507 1.064935
4000  66  55.924901  0.864139 1.185813 1.064935
4100  56  44.166830  0.837091 1.221672 1.064935
4200  43  34.921805  0.805897 1.262467 1.064935
4300  35  27.639610  0.772546 1.308626 1.064935
4400  30  21.894296  0.737372 1.360632 1.064935
4500  22  17.355071  0.700714 1.419027 1.064935
4600  18  13.764282  0.662927 1.484428 1.064935
4700  17  10.920702  0.624371 1.557534 1.064935
4800  14  8.666780  0.585401 1.639138 1.064935
4900  12  6.878878  0.546367 1.730140 1.064935
5000  8  5.459769  0.507599 1.831567 1.064935
5100  4  4.332847  0.469408 1.944586 1.064935
5200  3  3.437653  0.432076 2.070530 1.064935
5300  2  2.726392  0.395857 2.210917 1.064935
5400  2  2.161231  0.360973 2.367486 1.064935
5500  2  1.712184  0.327609 2.542223 1.064935
5600  2  1.355459  0.295917 2.737406 1.064935
5700  2  1.072160  0.266015 2.955648 1.064935
5800  2  0.847269  0.237985 3.199952 1.064935
5900  1  0.668839  0.211879 3.473774 1.064935
6000  1  0.527367  0.187718 3.781101 1.064935
6100  1  0.415284  0.165496 4.126535 1.064935
6200  0  0.326564  0.145183 4.515406 1.064935
6300  0  0.256409  0.126729 4.953891 1.064935
6400  0  0.200996  0.110063 5.449167 1.064935
6500  0  0.157283  0.095103 6.009588 1.064935
6600  0  0.122846  0.081755 6.644903 1.064935
6700  0  0.095758  0.069916 7.366508 1.064935
6800  0  0.074485  0.059477 8.187757 1.064935
6900  0  0.057807  0.050328 9.124338 1.064935
7000  0  0.044757  0.042356 10.194721 1.064935
7100  0  0.034565  0.035452 11.420707 1.064935
7200  0  0.026623  0.029509 12.828098 1.064935
7300  0  0.020449  0.024423 14.447509 1.064935
7400  0  0.015660  0.020098 16.315370 1.064935
7500  0  0.011955  0.016442 18.475152 1.064935
7600  0  0.009097  0.013371 20.978887 1.064935
7700  0  0.006898  0.010808 23.889041 1.064935
7800  0  0.005212  0.008682 27.280858 1.064935
7900  0  0.003923  0.006929 31.245270 1.064935
8000  0  0.002941  0.005495 35.892563 1.064935
8100  0  0.002195  0.004328 41.356987 1.064935
8200  0  0.001631  0.003386 47.802601 1.064935
8300  0  0.001207  0.002630 55.430710 1.064935
8400  0  0.000888  0.002028 64.489392 1.064935
8500  0  0.000650  0.001553 75.285763 1.064935
8600  0  0.000474  0.001179 88.201885 1.064935
8700  0  0.000343  0.000889 103.715532 1.064935
8800  0  0.000247  0.000664 122.427500 1.064935
8900  0  0.000177  0.000492 145.097846 1.064935
