STMin::Observed_Data::Expected_Bkg::Shape_Unc_down::Shap_Unc_up::Norm_Unc
2500  80752  79855.437763  0.979374 1.105349 1.010210
2600  59636  57929.001939  0.985235 1.143846 1.010210
2700  44357  42253.779557  0.986284 1.194784 1.010210
2800  33016  30977.426577  0.984514 1.258112 1.010210
2900  24875  22818.390145  0.980600 1.342035 1.010210
3000  18792  16882.983852  0.975169 1.450722 1.010210
3100  14194  12543.411290  0.967608 1.590038 1.010210
3200  10719  9355.640327  0.958496 1.769846 1.010210
3300  8016  7003.609921  0.950683 2.002956 1.010210
3400  6101  5261.008379  0.944796 2.305966 1.010210
3500  4700  3964.884355  0.940881 2.700336 1.010210
3600  3600  2997.294285  0.938713 3.213760 1.010210
3700  2786  2272.451555  0.937777 3.880889 1.010210
3800  2203  1727.670373  0.937229 4.743917 1.010210
3900  1720  1316.945342  0.935831 5.859814 1.010210
4000  1295  1006.373811  0.931856 7.301498 1.010210
4100  1000  770.874658  0.922958 9.162247 1.010210
4200  782  591.824446  0.907936 11.560997 1.010210
4300  620  455.346363  0.891304 14.648281 1.010210
4400  497  351.066075  0.873239 18.616499 1.010210
4500  408  271.203202  0.853749 23.706132 1.010210
4600  305  209.905190  0.832854 30.225512 1.010210
4700  241  162.757017  0.810585 38.565576 1.010210
4800  182  126.418992  0.786986 49.221328 1.010210
4900  139  98.358253  0.762118 62.818841 1.010210
5000  110  76.649051  0.736050 80.149112 1.010210
5100  88  59.823734  0.708868 102.210453 1.010210
5200  66  46.761215  0.680670 130.261548 1.010210
5300  41  36.603261  0.651565 165.887804 1.010210
5400  32  28.691484  0.621674 211.077565 1.010210
5500  27  22.519781  0.591127 268.313844 1.010210
5600  22  17.698363  0.560061 340.731371 1.010210
5700  18  13.926458  0.528621 432.261664 1.010210
5800  15  10.971570  0.496953 547.832194 1.010210
5900  11  8.653666  0.465205 693.613639 1.010210
6000  5  6.833109  0.433522 877.327397 1.010210
6100  5  5.401419  0.402045 1108.627807 1.010210
6200  5  4.274191  0.370902 1399.576923 1.010210
6300  5  3.385651  0.340211 1765.233896 1.010210
6400  3  2.684474  0.310069 2224.386194 1.010210
6500  3  2.130552  0.280553 2800.456253 1.010210
6600  3  1.692500  0.251708 3522.625008 1.010210
6700  3  1.345727  0.223547 4427.223407 1.010210
6800  3  1.070942  0.196042 5559.454849 1.010210
6900  3  0.852991  0.169117 6975.526120 1.010210
7000  0  0.679959  0.142637 8745.282272 1.010210
7100  0  0.542463  0.117321 10955.462921 1.010210
7200  0  0.433110  0.095252 13713.724448 1.010210
7300  0  0.346064  0.076181 17153.605690 1.010210
7400  0  0.276718  0.059971 21440.655371 1.010210
7500  0  0.221428  0.046426 26779.989283 1.010210
7600  0  0.177310  0.035312 33425.606255 1.010210
7700  0  0.142079  0.026364 41691.866597 1.010210
7800  0  0.113925  0.019300 51967.628180 1.010210
7900  0  0.091409  0.013839 64733.647050 1.010210
8000  0  0.073390  0.009708 80583.986273 1.010210
8100  0  0.058959  0.006655 100252.343706 1.010210
8200  0  0.047395  0.004452 124644.413497 1.010210
8300  0  0.038121  0.002903 154877.645188 1.010210
8400  0  0.030680  0.001842 192330.068277 1.010210
8500  0  0.024705  0.001135 238700.220740 1.010210
8600  0  0.019904  0.000679 296080.671829 1.010210
8700  0  0.016045  0.000393 367048.179903 1.010210
8800  0  0.012941  0.000220 454774.196326 1.010210
8900  0  0.010443  0.000119 563160.242320 1.010210
