STMin::Observed_Data::Expected_Bkg::Shape_Unc_down::Shap_Unc_up::Norm_Unc
2500  14349  19829.057229  0.987736 1.034035 1.040355
2600  10944  14907.208343  0.991638 1.037378 1.040355
2700  8468  11278.638969  0.991642 1.041830 1.040355
2800  6555  8583.190081  0.989807 1.045960 1.040355
2900  5113  6566.918614  0.987773 1.048452 1.040355
3000  3999  5048.996046  0.985203 1.049408 1.040355
3100  3150  3899.475963  0.981746 1.049141 1.040355
3200  2429  3024.182729  0.977165 1.047993 1.040355
3300  1891  2354.325993  0.971689 1.046339 1.040355
3400  1484  1839.289146  0.965486 1.044609 1.040355
3500  1204  1441.573307  0.958325 1.043296 1.040355
3600  918  1133.220558  0.949839 1.042980 1.040355
3700  715  893.262230  0.939532 1.044352 1.040355
3800  585  705.884059  0.926759 1.046706 1.040355
3900  448  559.096997  0.910691 1.049593 1.040355
4000  364  443.767580  0.892760 1.053298 1.040355
4100  274  352.905952  0.873804 1.058194 1.040355
4200  236  281.139811  0.853899 1.064755 1.040355
4300  201  224.323475  0.833122 1.073346 1.040355
4400  150  179.245737  0.811547 1.083869 1.040355
4500  106  143.410415  0.789247 1.096894 1.040355
4600  79  114.870696  0.766293 1.111974 1.040355
4700  66  92.103490  0.742759 1.129249 1.040355
4800  51  73.913731  0.718715 1.149073 1.040355
4900  36  59.361160  0.694232 1.171897 1.040355
5000  22  47.704101  0.669382 1.197001 1.040355
5100  18  38.356117  0.644236 1.224261 1.040355
5200  15  30.852480  0.618864 1.253793 1.040355
5300  14  24.824141  0.593339 1.285726 1.040355
5400  14  19.977465  0.567731 1.320206 1.040355
5500  11  16.078395  0.542110 1.357396 1.040355
5600  11  12.940056  0.516545 1.397476 1.040355
5700  11  10.413011  0.491106 1.440654 1.040355
5800  11  8.377593  0.465859 1.487162 1.040355
5900  10  6.737851  0.440871 1.537267 1.040355
6000  4  5.416756  0.416204 1.591272 1.040355
6100  4  4.352409  0.391919 1.649527 1.040355
6200  3  3.495017  0.368074 1.712439 1.040355
6300  3  2.804495  0.344723 1.780479 1.040355
6400  3  2.248547  0.321914 1.854202 1.040355
6500  3  1.801139  0.299692 1.934263 1.040355
6600  3  1.441271  0.278095 2.021442 1.040355
6700  3  1.151998  0.257152 2.116673 1.040355
6800  3  0.919644  0.236887 2.221086 1.040355
6900  3  0.733167  0.217312 2.336054 1.040355
7000  0  0.583650  0.198427 2.463263 1.040355
7100  0  0.463895  0.180219 2.604792 1.040355
7200  0  0.368089  0.162660 2.763231 1.040355
7300  0  0.291543  0.145699 2.941820 1.040355
7400  0  0.230469  0.129262 3.144650 1.040355
7500  0  0.181814  0.113244 3.376914 1.040355
7600  0  0.143117  0.097501 3.645251 1.040355
7700  0  0.112394  0.081838 3.954335 1.040355
7800  0  0.088048  0.065998 4.303746 1.040355
7900  0  0.068795  0.051830 4.701389 1.040355
8000  0  0.053602  0.040024 5.155500 1.040355
8100  0  0.041642  0.030361 5.676000 1.040355
8200  0  0.032250  0.022600 6.274894 1.040355
8300  0  0.024894  0.016490 6.966781 1.040355
8400  0  0.019149  0.011779 7.769505 1.040355
8500  0  0.014675  0.008227 8.704986 1.040355
8600  0  0.011203  0.005611 9.800302 1.040355
8700  0  0.008517  0.003731 11.089096 1.040355
8800  0  0.006447  0.002416 12.613412 1.040355
8900  0  0.004857  0.001520 14.426130 1.040355
