STMin::Observed_Data::Expected_Bkg::Shape_Unc_down::Shap_Unc_up::Norm_Unc
2500  10651  20660.888693  0.852400 1.017941 1.073421
2600  8072  14987.891795  0.862561 1.023355 1.073421
2700  6138  10932.262843  0.870404 1.029594 1.073421
2800  4685  8014.747384  0.878232 1.032791 1.073421
2900  3585  5903.770993  0.886879 1.036147 1.073421
3000  2784  4368.111401  0.895745 1.042396 1.073421
3100  2209  3245.339698  0.904159 1.053332 1.073421
3200  1690  2420.572056  0.911753 1.067670 1.073421
3300  1285  1812.034430  0.919197 1.086464 1.073421
3400  1013  1361.173505  0.926270 1.111345 1.073421
3500  815  1025.829100  0.932362 1.144433 1.073421
3600  633  775.485838  0.936598 1.187951 1.073421
3700  476  587.948265  0.937777 1.244040 1.073421
3800  385  446.997772  0.937229 1.316792 1.073421
3900  297  340.731443  0.935831 1.411325 1.073421
4000  234  260.377694  0.931857 1.532792 1.073421
4100  177  199.447319  0.922959 1.684301 1.073421
4200  148  153.121901  0.907938 1.874243 1.073421
4300  122  117.811112  0.891306 2.112391 1.073421
4400  93  90.830815  0.873241 2.411912 1.073421
4500  63  70.168003  0.853751 2.786007 1.073421
4600  51  54.308452  0.832856 3.254045 1.073421
4700  46  42.109869  0.810587 3.840568 1.073421
4800  39  32.708181  0.786989 4.576573 1.073421
4900  27  25.448064  0.762120 5.501184 1.073421
5000  16  19.831272  0.736052 6.655406 1.073421
5100  14  15.478081  0.708871 8.094339 1.073421
5200  11  12.098433  0.680673 9.888312 1.073421
5300  10  9.470279  0.651569 12.124971 1.073421
5400  10  7.423276  0.621678 14.913464 1.073421
5500  10  5.826480  0.591131 18.389629 1.073421
5600  10  4.579041  0.560066 22.722408 1.073421
5700  10  3.603141  0.528627 28.121768 1.073421
5800  10  2.838627  0.496960 34.848487 1.073421
5900  9  2.238919  0.465213 43.226220 1.073421
6000  3  1.767889  0.433531 53.656374 1.073421
6100  3  1.397469  0.402055 66.636424 1.073421
6200  3  1.105823  0.370914 82.782450 1.073421
6300  3  0.875932  0.340224 102.856842 1.073421
6400  3  0.694518  0.310084 127.802319 1.073421
6500  3  0.551202  0.280570 158.783673 1.073421
6600  3  0.437866  0.251727 197.238928 1.073421
6700  3  0.348146  0.223568 244.941979 1.073421
6800  3  0.277051  0.196066 304.079199 1.073421
6900  3  0.220661  0.169142 377.343025 1.073421
7000  0  0.175892  0.142663 468.046139 1.073421
7100  0  0.140318  0.117348 580.260613 1.073421
7200  0  0.112025  0.095280 718.987230 1.073421
7300  0  0.089504  0.076209 890.361250 1.073421
7400  0  0.071562  0.059998 1101.902077 1.073421
7500  0  0.057257  0.046453 1362.815707 1.073421
7600  0  0.045843  0.035337 1684.360500 1.073421
7700  0  0.036727  0.026387 2080.288722 1.073421
7800  0  0.029443  0.019321 2567.378525 1.073421
7900  0  0.023618  0.013858 3166.073554 1.073421
8000  0  0.018956  0.009725 3901.250285 1.073421
8100  0  0.015222  0.006670 4803.136411 1.073421
8200  0  0.012230  0.004464 5908.407272 1.073421
8300  0  0.009831  0.002912 7261.491367 1.073421
8400  0  0.007905  0.001849 8916.120437 1.073421
8500  0  0.006359  0.001141 10937.164436 1.073421
8600  0  0.005117  0.000683 13402.796972 1.073421
8700  0  0.004119  0.000396 16407.042354 1.073421
8800  0  0.003316  0.000222 20062.761314 1.073421
8900  0  0.002669  0.000120 24505.138784 1.073421
9000  0  0.002149  0.000063 29895.743720 1.073421
9100  0  0.001729  0.000031 36427.238170 1.073421
9200  0  0.001391  0.000015 44328.820650 1.073421
9300  0  0.001119  0.000007 53872.497913 1.073421
9400  0  0.000899  0.000003 65380.289975 1.073421
9500  0  0.000721  0.000001 79232.486822 1.073421
9600  0  0.000577  0.000000 95877.092849 1.073421
9700  0  0.000461  0.000000 115840.618858 1.073421
9800  0  0.000368  0.000000 139740.413732 1.073421
9900  0  0.000292  0.000000 168298.772073 1.073421
