STMin::Observed_Data::Expected_Bkg::Shape_Unc_down::Shap_Unc_up::Norm_Unc
2500  152219  154537.527859  0.978048 1.010989 1.008131
2600  115289  116216.705094  0.982097 1.014162 1.008131
2700  87484  87997.966580  0.982581 1.018355 1.008131
2800  66703  67044.275686  0.980939 1.022133 1.008131
2900  50981  51366.756103  0.977799 1.024022 1.008131
3000  39121  39555.487048  0.973099 1.024222 1.008131
3100  30237  30600.673209  0.966761 1.023134 1.008131
3200  23326  23772.232509  0.958805 1.021175 1.008131
3300  18166  18537.698011  0.949605 1.018795 1.008131
3400  14125  14505.589842  0.939454 1.016487 1.008131
3500  11068  11385.932209  0.928406 1.014805 1.008131
3600  8633  8962.447108  0.916411 1.014387 1.008131
3700  6739  7072.787476  0.903350 1.015979 1.008131
3800  5330  5594.362167  0.889039 1.019118 1.008131
3900  4151  4434.087543  0.873283 1.022995 1.008131
4000  3298  3520.921095  0.855982 1.027863 1.008131
4100  2564  2800.382761  0.837932 1.034051 1.008131
4200  2011  2230.507653  0.819284 1.041976 1.008131
4300  1586  1778.837248  0.800100 1.051989 1.008131
4400  1263  1420.169296  0.780434 1.063941 1.008131
4500  993  1134.865676  0.760338 1.078245 1.008131
4600  798  907.573162  0.739858 1.094625 1.008131
4700  624  726.251540  0.719039 1.112849 1.008131
4800  511  581.431781  0.697920 1.133066 1.008131
4900  405  465.647336  0.676539 1.155468 1.008131
5000  312  372.996332  0.654934 1.180305 1.008131
5100  242  298.803238  0.633137 1.207908 1.008131
5200  194  239.356434  0.611179 1.238707 1.008131
5300  156  191.703958  0.589090 1.273266 1.008131
5400  114  153.494014  0.566897 1.312323 1.008131
5500  90  122.850055  0.544622 1.355660 1.008131
5600  72  98.272662  0.522286 1.403641 1.008131
5700  57  78.562270  0.499902 1.456753 1.008131
5800  45  62.758155  0.477479 1.515553 1.008131
5900  39  50.090149  0.455019 1.580671 1.008131
6000  31  39.940338  0.432510 1.652831 1.008131
6100  28  31.812635  0.409931 1.732864 1.008131
6200  26  25.308539  0.387242 1.821723 1.008131
6300  24  20.107807  0.364379 1.920507 1.008131
6400  16  15.953015  0.341251 2.030488 1.008131
6500  16  12.637201  0.317729 2.153140 1.008131
6600  14  9.993965  0.293634 2.290177 1.008131
6700  9  7.889537  0.268721 2.443597 1.008131
6800  8  6.216397  0.242663 2.615741 1.008131
6900  6  4.888157  0.215843 2.809355 1.008131
7000  6  3.835437  0.190422 3.027676 1.008131
7100  6  3.002551  0.166511 3.274530 1.008131
7200  5  2.344838  0.144240 3.554459 1.008131
7300  5  1.826505  0.123710 3.872873 1.008131
7400  5  1.418899  0.104990 4.236245 1.008131
7500  5  1.099104  0.088114 4.652350 1.008131
7600  5  0.848818  0.073083 5.130568 1.008131
7700  5  0.653443  0.059863 5.682264 1.008131
7800  4  0.501354  0.048391 6.321280 1.008131
7900  4  0.383307  0.038573 7.064546 1.008131
8000  3  0.291966  0.030296 7.932884 1.008131
8100  3  0.221522  0.023424 8.952032 1.008131
8200  2  0.167383  0.017813 10.153983 1.008131
8300  2  0.125927  0.013310 11.578729 1.008131
8400  2  0.094306  0.009761 13.276564 1.008131
8500  1  0.070286  0.007019 15.311132 1.008131
8600  1  0.052119  0.004943 17.763493 1.008131
8700  1  0.038441  0.003404 20.737593 1.008131
8800  1  0.028193  0.002290 24.367678 1.008131
8900  1  0.020554  0.001502 28.828419 1.008131
