STMin::Observed_Data::Expected_Bkg::Shape_Unc_down::Shap_Unc_up::Norm_Unc
2500  86368  85857.551833  0.988139 1.010439 1.007470
2600  65214  64534.949144  0.989067 1.011585 1.007470
2700  49626  48806.098181  0.987378 1.015064 1.007470
2800  37893  37115.739429  0.985907 1.018523 1.007470
2900  29098  28367.219514  0.984006 1.021750 1.007470
3000  22459  21779.266809  0.980809 1.025219 1.007470
3100  17247  16790.011652  0.976439 1.029449 1.007470
3200  13387  12991.846748  0.971457 1.035032 1.007470
3300  10326  10086.697241  0.965758 1.042153 1.007470
3400  8054  7854.970404  0.958892 1.050092 1.007470
3500  6306  6133.783005  0.950190 1.059444 1.007470
3600  4964  4801.550431  0.938731 1.071175 1.007470
3700  3919  3766.983045  0.923967 1.086613 1.007470
3800  3116  2961.165113  0.906939 1.107523 1.007470
3900  2471  2331.809194  0.887185 1.133627 1.007470
4000  1942  1839.058738  0.864142 1.164366 1.007470
4100  1511  1452.401227  0.837092 1.199577 1.007470
4200  1190  1148.383818  0.805898 1.239634 1.007470
4300  929  908.912930  0.772547 1.284959 1.007470
4400  749  719.981539  0.737373 1.336024 1.007470
4500  594  570.711688  0.700715 1.393363 1.007470
4600  474  452.630629  0.662928 1.457582 1.007470
4700  381  359.121117  0.624372 1.529365 1.007470
4800  303  285.002166  0.585402 1.609493 1.007470
4900  251  226.208020  0.546368 1.698850 1.007470
5000  195  179.541410  0.507600 1.798442 1.007470
5100  160  142.483234  0.469408 1.909417 1.007470
5200  138  113.045271  0.432076 2.033083 1.007470
5300  105  89.655852  0.395858 2.170931 1.007470
5400  84  71.070851  0.360973 2.324668 1.007470
5500  66  56.304195  0.327609 2.496246 1.007470
5600  56  44.573492  0.295918 2.687899 1.007470
5700  45  35.257370  0.266015 2.902194 1.007470
5800  34  27.861946  0.237985 3.142079 1.007470
5900  29  21.994407  0.211879 3.410949 1.007470
6000  27  17.342165  0.187718 3.712717 1.007470
6100  23  13.656372  0.165496 4.051904 1.007470
6200  16  10.738873  0.145184 4.433742 1.007470
6300  15  8.431858  0.126729 4.864297 1.007470
6400  13  6.609649  0.110063 5.350615 1.007470
6500  11  5.172165  0.095104 5.900901 1.007470
6600  9  4.039735  0.081755 6.524726 1.007470
6700  9  3.148953  0.069916 7.233280 1.007470
6800  9  2.449389  0.059477 8.039676 1.007470
6900  9  1.900951  0.050328 8.959319 1.007470
7000  7  1.471799  0.042356 10.010343 1.007470
7100  7  1.136660  0.035452 11.214156 1.007470
7200  6  0.875499  0.029509 12.596094 1.007470
7300  6  0.672450  0.024423 14.186217 1.007470
7400  6  0.514965  0.020098 16.020296 1.007470
7500  6  0.393134  0.016442 18.141017 1.007470
7600  6  0.299142  0.013371 20.599470 1.007470
7700  5  0.226836  0.010808 23.456993 1.007470
7800  4  0.171383  0.008682 26.787466 1.007470
7900  4  0.128992  0.006929 30.680180 1.007470
8000  4  0.096697  0.005495 35.243423 1.007470
8100  4  0.072182  0.004328 40.609020 1.007470
8200  2  0.053643  0.003386 46.938061 1.007470
8300  2  0.039679  0.002630 54.428211 1.007470
8400  2  0.029206  0.002028 63.323061 1.007470
8500  2  0.021387  0.001553 73.924173 1.007470
8600  2  0.015575  0.001179 86.606699 1.007470
8700  2  0.011278  0.000889 101.839772 1.007470
8800  2  0.008117  0.000664 120.213323 1.007470
8900  2  0.005805  0.000492 142.473663 1.007470
