STMin::Observed_Data::Expected_Bkg::Shape_Unc_down::Shap_Unc_up::Norm_Unc
2500  80297  81956.059582  0.986579 1.010988 1.012245
2600  61035  61633.334887  0.990644 1.014161 1.012245
2700  46330  46668.059804  0.990414 1.018353 1.012245
2800  35323  35555.665533  0.987946 1.022131 1.012245
2900  27079  27241.389079  0.984759 1.024019 1.012245
3000  20876  20977.505582  0.980655 1.024220 1.012245
3100  16182  16228.489167  0.975300 1.023132 1.012245
3200  12490  12607.154591  0.968391 1.021174 1.012245
3300  9757  9831.118071  0.959987 1.018794 1.012245
3400  7602  7692.765646  0.950140 1.016485 1.012245
3500  5960  6038.314133  0.938893 1.014804 1.012245
3600  4634  4753.064575  0.926763 1.014386 1.012245
3700  3623  3750.919274  0.913554 1.015979 1.012245
3800  2871  2966.864330  0.899082 1.019119 1.012245
3900  2237  2351.534594  0.883148 1.022995 1.012245
4000  1764  1867.254013  0.865651 1.027864 1.012245
4100  1366  1485.130114  0.847397 1.034052 1.012245
4200  1077  1182.907612  0.828539 1.041976 1.012245
4300  855  943.372743  0.809138 1.051990 1.012245
4400  695  753.159967  0.789250 1.063942 1.012245
4500  550  601.854580  0.768927 1.078246 1.012245
4600  442  481.314288  0.748215 1.094626 1.012245
4700  345  385.153789  0.727161 1.112850 1.012245
4800  287  308.351365  0.705803 1.133067 1.012245
4900  228  246.947271  0.684181 1.155469 1.012245
5000  172  197.811561  0.662332 1.180306 1.012245
5100  138  158.464655  0.640288 1.207908 1.012245
5200  108  126.938165  0.618083 1.238706 1.012245
5300  91  101.666574  0.595745 1.273265 1.012245
5400  68  81.402652  0.573300 1.312321 1.012245
5500  60  65.151207  0.550774 1.355658 1.012245
5600  47  52.117050  0.528185 1.403638 1.012245
5700  34  41.664016  0.505548 1.456751 1.012245
5800  31  33.282603  0.482873 1.515550 1.012245
5900  25  26.564364  0.460158 1.580668 1.012245
6000  19  21.181604  0.437396 1.652829 1.012245
6100  17  16.871230  0.414562 1.732861 1.012245
6200  16  13.421905  0.391616 1.821720 1.012245
6300  15  10.663796  0.368495 1.920504 1.012245
6400  9  8.460380  0.345106 2.030485 1.012245
6500  9  6.701901  0.321318 2.153137 1.012245
6600  7  5.300111  0.296951 2.290173 1.012245
6700  6  4.184067  0.271757 2.443594 1.012245
6800  5  3.296749  0.245403 2.615737 1.012245
6900  4  2.592342  0.218280 2.809351 1.012245
7000  4  2.034051  0.192573 3.027672 1.012245
7100  4  1.592346  0.168392 3.274525 1.012245
7200  3  1.243541  0.145869 3.554454 1.012245
7300  3  0.968653  0.125107 3.872867 1.012245
7400  3  0.752486  0.106176 4.236239 1.012245
7500  3  0.582889  0.089109 4.652343 1.012245
7600  3  0.450155  0.073909 5.130560 1.012245
7700  3  0.346541  0.060540 5.682256 1.012245
7800  2  0.265883  0.048937 6.321270 1.012245
7900  2  0.203279  0.039009 7.064536 1.012245
8000  1  0.154839  0.030638 7.932872 1.012245
8100  1  0.117480  0.023688 8.952019 1.012245
8200  1  0.088768  0.018014 10.153968 1.012245
8300  1  0.066783  0.013460 11.578712 1.012245
8400  1  0.050013  0.009872 13.276544 1.012245
8500  0  0.037275  0.007098 15.311109 1.012245
8600  0  0.027640  0.004998 17.763466 1.012245
8700  0  0.020386  0.003443 20.737562 1.012245
8800  0  0.014952  0.002316 24.367642 1.012245
8900  0  0.010901  0.001519 28.828377 1.012245
