STMin::Observed_Data::Expected_Bkg::Shape_Unc_down::Shap_Unc_up::Norm_Unc
2500  9913  14171.456506  0.994996 1.032843 1.070692
2600  7525  10382.555844  0.996320 1.035989 1.070692
2700  5693  7654.648705  0.995786 1.039692 1.070692
2800  4332  5675.975097  0.995064 1.042702 1.070692
2900  3302  4230.940906  0.994256 1.044496 1.070692
3000  2547  3169.001161  0.993073 1.045191 1.070692
3100  1963  2384.088521  0.991217 1.045031 1.070692
3200  1516  1800.851955  0.988565 1.044286 1.070692
3300  1162  1365.349954  0.985522 1.043257 1.070692
3400  914  1038.692118  0.982308 1.042295 1.070692
3500  705  792.653851  0.978786 1.041818 1.070692
3600  534  606.625121  0.974756 1.042140 1.070692
3700  416  465.469920  0.969925 1.042566 1.070692
3800  324  358.013009  0.963880 1.043128 1.070692
3900  243  275.962392  0.956070 1.044087 1.070692
4000  191  213.136849  0.946765 1.045792 1.070692
4100  149  164.908654  0.936434 1.048708 1.070692
4200  118  127.799118  0.924957 1.053234 1.070692
4300  88  99.183413  0.912187 1.059166 1.070692
4400  73  77.074000  0.897938 1.066955 1.070692
4500  54  59.960950  0.881980 1.076483 1.070692
4600  46  46.693648  0.864235 1.087506 1.070692
4700  36  36.392787  0.845567 1.100264 1.070692
4800  28  28.384601  0.826126 1.115079 1.070692
4900  21  22.151544  0.805940 1.132384 1.070692
5000  16  17.295155  0.785039 1.152161 1.070692
5100  14  13.508005  0.763455 1.174538 1.070692
5200  10  10.552435  0.741223 1.199796 1.070692
5300  8  8.244388  0.718380 1.228264 1.070692
5400  5  6.441084  0.694965 1.260324 1.070692
5500  5  5.031593  0.671019 1.296431 1.070692
5600  3  3.929617  0.646582 1.336651 1.070692
5700  2  3.067930  0.621698 1.381079 1.070692
5800  1  2.394109  0.596404 1.430144 1.070692
5900  1  1.867234  0.570737 1.484335 1.070692
6000  0  1.455336  0.544730 1.544205 1.070692
6100  0  1.133418  0.518403 1.610385 1.070692
6200  0  0.881926  0.491767 1.683599 1.070692
6300  0  0.685555  0.464815 1.764673 1.070692
6400  0  0.532319  0.437516 1.854558 1.070692
6500  0  0.412832  0.409805 1.954349 1.070692
6600  0  0.319740  0.381575 2.065313 1.070692
6700  0  0.247282  0.352657 2.188915 1.070692
6800  0  0.190945  0.322806 2.326860 1.070692
6900  0  0.147195  0.291666 2.481137 1.070692
7000  0  0.113264  0.258744 2.654070 1.070692
7100  0  0.086987  0.224653 2.848390 1.070692
7200  0  0.066668  0.192947 3.067311 1.070692
7300  0  0.050983  0.163810 3.314636 1.070692
7400  0  0.038897  0.137381 3.594876 1.070692
7500  0  0.029603  0.113733 3.913408 1.070692
7600  0  0.022470  0.092874 4.276665 1.070692
7700  0  0.017008  0.074748 4.692373 1.070692
7800  0  0.012836  0.059244 5.169861 1.070692
7900  0  0.009657  0.046199 5.720438 1.070692
8000  0  0.007242  0.035412 6.357881 1.070692
8100  0  0.005411  0.026655 7.099060 1.070692
8200  0  0.004029  0.019681 7.964739 1.070692
8300  0  0.002988  0.014238 8.980614 1.070692
8400  0  0.002207  0.010081 10.178666 1.070692
8500  0  0.001623  0.006976 11.598931 1.070692
8600  0  0.001188  0.004711 13.291849 1.070692
8700  0  0.000865  0.003101 15.321368 1.070692
8800  0  0.000627  0.001986 17.769121 1.070692
8900  0  0.000452  0.001236 20.740054 1.070692
