STMin::Observed_Data::Expected_Bkg::Shape_Unc_down::Shap_Unc_up::Norm_Unc
2600  53  227.384871  0.992703 1.104267 1.578404
2700  42  172.173237  0.993037 1.107259 1.578404
2800  35  131.176099  0.991256 1.108311 1.578404
2900  30  100.502102  0.989078 1.107207 1.578404
3000  24  77.392655  0.986263 1.104127 1.578404
3100  21  59.872031  0.982550 1.099456 1.578404
3200  19  46.511782  0.977724 1.093577 1.578404
3300  12  36.270105  0.971954 1.086889 1.578404
3400  10  28.381046  0.965434 1.079816 1.578404
3500  10  22.277251  0.958042 1.072815 1.578404
3600  8  17.535559  0.949461 1.066401 1.578404
3700  5  13.838328  0.939250 1.060744 1.578404
3800  5  10.945701  0.926814 1.055457 1.578404
3900  4  8.675555  0.911386 1.051086 1.578404
4000  3  6.888891  0.894599 1.048158 1.578404
4100  3  5.479115  0.877033 1.047315 1.578404
4200  3  4.364120  0.858758 1.049348 1.578404
4300  3  3.480400  0.839839 1.054768 1.578404
4400  1  2.778645  0.820336 1.064200 1.578404
4500  0  2.220432  0.800304 1.078247 1.578404
4600  0  1.775721  0.779794 1.094626 1.578404
4700  0  1.420954  0.758853 1.112851 1.578404
4800  0  1.137606  0.737526 1.133068 1.578404
4900  0  0.911067  0.715855 1.155470 1.578404
5000  0  0.729789  0.693881 1.180307 1.578404
5100  0  0.584626  0.671641 1.207910 1.578404
5200  0  0.468315  0.649172 1.238709 1.578404
5300  0  0.375080  0.626506 1.273268 1.578404
5400  0  0.300320  0.603676 1.312326 1.578404
5500  0  0.240363  0.580709 1.355662 1.578404
5600  0  0.192276  0.557630 1.403643 1.578404
5700  0  0.153712  0.534461 1.456756 1.578404
5800  0  0.122790  0.511215 1.515555 1.578404
5900  0  0.098004  0.487901 1.580673 1.578404
6000  0  0.078146  0.464517 1.652834 1.578404
6100  0  0.062243  0.441050 1.732867 1.578404
6200  0  0.049518  0.417469 1.821726 1.578404
6300  0  0.039342  0.393726 1.920510 1.578404
6400  0  0.031213  0.369742 2.030492 1.578404
6500  0  0.024725  0.345407 2.153144 1.578404
6600  0  0.019554  0.320563 2.290181 1.578404
6700  0  0.015436  0.294994 2.443601 1.578404
6800  0  0.012163  0.268405 2.615746 1.578404
6900  0  0.009564  0.240398 2.809360 1.578404
7000  0  0.007504  0.211766 3.027681 1.578404
7100  0  0.005875  0.185175 3.274536 1.578404
7200  0  0.004588  0.160408 3.554465 1.578404
7300  0  0.003574  0.137577 3.872880 1.578404
7400  0  0.002776  0.116758 4.236252 1.578404
7500  0  0.002150  0.097991 4.652358 1.578404
7600  0  0.001661  0.081275 5.130577 1.578404
7700  0  0.001279  0.066573 5.682274 1.578404
7800  0  0.000981  0.053815 6.321291 1.578404
7900  0  0.000750  0.042897 7.064558 1.578404
8000  0  0.000571  0.033691 7.932898 1.578404
8100  0  0.000433  0.026049 8.952048 1.578404
8200  0  0.000327  0.019809 10.154001 1.578404
8300  0  0.000246  0.014801 11.578749 1.578404
8400  0  0.000185  0.010855 13.276587 1.578404
8500  0  0.000138  0.007806 15.311159 1.578404
8600  0  0.000102  0.005497 17.763524 1.578404
8700  0  0.000075  0.003786 20.737629 1.578404
8800  0  0.000055  0.002547 24.367721 1.578404
8900  0  0.000040  0.001671 28.828470 1.578404
