STMin::Observed_Data::Expected_Bkg::Shape_Unc_down::Shap_Unc_up::Norm_Unc
2500  7667  8189.376892  0.987943 1.010421 1.029942
2600  5868  6155.556616  0.988901 1.011562 1.029942
2700  4541  4655.286857  0.987254 1.015033 1.029942
2800  3511  3540.221825  0.985745 1.018483 1.029942
2900  2738  2705.759098  0.983793 1.021698 1.029942
3000  2139  2077.378408  0.980574 1.025151 1.029942
3100  1668  1601.486771  0.976222 1.029362 1.029942
3200  1293  1239.205257  0.971261 1.034919 1.029942
3300  1003  962.102500  0.965589 1.042056 1.029942
3400  790  749.233023  0.958758 1.049968 1.029942
3500  626  585.060484  0.950100 1.059286 1.029942
3600  480  457.987740  0.938697 1.070973 1.029942
3700  376  359.307286  0.923965 1.086357 1.029942
3800  305  282.445710  0.906937 1.107198 1.029942
3900  240  222.415663  0.887183 1.133295 1.029942
4000  191  175.415497  0.864140 1.164025 1.029942
4100  147  138.534827  0.837091 1.199225 1.029942
4200  119  109.536642  0.805897 1.239271 1.029942
4300  97  86.695117  0.772546 1.284582 1.029942
4400  74  68.674217  0.737372 1.335632 1.029942
4500  54  54.436366  0.700714 1.392954 1.029942
4600  39  43.173404  0.662927 1.457154 1.029942
4700  32  34.254158  0.624371 1.528917 1.029942
4800  25  27.184448  0.585401 1.609021 1.029942
4900  20  21.576468  0.546367 1.698351 1.029942
5000  13  17.125253  0.507599 1.797915 1.029942
5100  8  13.590521  0.469407 1.908857 1.029942
5200  7  10.782631  0.432076 2.032487 1.029942
5300  6  8.551671  0.395857 2.170295 1.029942
5400  6  6.778973  0.360972 2.323987 1.029942
5500  5  5.370480  0.327609 2.495514 1.029942
5600  5  4.251567  0.295917 2.687111 1.029942
5700  5  3.362964  0.266015 2.901343 1.029942
5800  5  2.657564  0.237985 3.141158 1.029942
5900  4  2.097899  0.211879 3.409949 1.029942
6000  2  1.654153  0.187718 3.711628 1.029942
6100  2  1.302590  0.165496 4.050716 1.029942
6200  1  1.024309  0.145183 4.432442 1.029942
6300  1  0.804258  0.126729 4.862871 1.029942
6400  1  0.630450  0.110063 5.349046 1.029942
6500  1  0.493338  0.095103 5.899171 1.029942
6600  1  0.385323  0.081755 6.522813 1.029942
6700  1  0.300358  0.069916 7.231159 1.029942
6800  1  0.233631  0.059477 8.037319 1.029942
6900  1  0.181319  0.050328 8.956692 1.029942
7000  0  0.140385  0.042356 10.007408 1.029942
7100  0  0.108418  0.035452 11.210869 1.029942
7200  0  0.083508  0.029509 12.592401 1.029942
7300  0  0.064140  0.024423 14.182057 1.029942
7400  0  0.049119  0.020098 16.015599 1.029942
7500  0  0.037498  0.016442 18.135698 1.029942
7600  0  0.028533  0.013371 20.593430 1.029942
7700  0  0.021636  0.010808 23.450115 1.029942
7800  0  0.016347  0.008682 26.779612 1.029942
7900  0  0.012304  0.006929 30.671184 1.029942
8000  0  0.009223  0.005495 35.233090 1.029942
8100  0  0.006885  0.004328 40.597113 1.029942
8200  0  0.005117  0.003386 46.924298 1.029942
8300  0  0.003785  0.002630 54.412252 1.029942
8400  0  0.002786  0.002028 63.304493 1.029942
8500  0  0.002040  0.001553 73.902496 1.029942
8600  0  0.001486  0.001179 86.581303 1.029942
8700  0  0.001076  0.000889 101.809908 1.029942
8800  0  0.000774  0.000664 120.178071 1.029942
8900  0  0.000554  0.000492 142.431881 1.029942
