STMin::Observed_Data::Expected_Bkg::Shape_Unc_down::Shap_Unc_up::Norm_Unc
2500  3759  6382.730598  0.750071 1.087873 1.152282
2600  2927  4630.182033  0.759235 1.119756 1.152282
2700  2233  3377.283992  0.766443 1.161758 1.152282
2800  1705  2475.981273  0.773744 1.213066 1.152282
2900  1299  1823.841194  0.781907 1.280882 1.152282
3000  1034  1349.432683  0.790449 1.373170 1.152282
3100  829  1002.576872  0.798841 1.498542 1.152282
3200  638  747.782912  0.806836 1.664577 1.152282
3300  486  559.788495  0.815124 1.883831 1.152282
3400  415  420.504853  0.823639 2.172825 1.152282
3500  344  316.907519  0.832012 2.552910 1.152282
3600  284  239.569433  0.839690 3.051116 1.152282
3700  205  181.633793  0.845893 3.701498 1.152282
3800  166  138.090215  0.849563 4.549153 1.152282
3900  121  105.261552  0.849284 5.651785 1.152282
4000  92  80.438015  0.846767 7.083327 1.152282
4100  80  61.614906  0.842689 8.937965 1.152282
4200  65  47.303679  0.836986 11.335215 1.152282
4300  54  36.395182  0.829596 14.427976 1.152282
4400  44  28.060208  0.820459 18.407179 1.152282
4500  31  21.676883  0.809522 23.511391 1.152282
4600  23  16.777421  0.796735 30.049747 1.152282
4700  23  13.008935  0.782051 38.413013 1.152282
4800  20  10.104489  0.765423 49.095695 1.152282
4900  14  7.861634  0.746805 62.722891 1.152282
5000  6  6.126449  0.726147 80.083935 1.152282
5100  5  4.781625  0.703390 102.174507 1.152282
5200  2  3.737557  0.678460 130.249316 1.152282
5300  1  2.925646  0.651264 165.887949 1.152282
5400  1  2.293269  0.621676 211.077113 1.152282
5500  1  1.799974  0.591128 268.313269 1.152282
5600  1  1.414605  0.560062 340.730641 1.152282
5700  1  1.113122  0.528622 432.260737 1.152282
5800  1  0.876942  0.496954 547.831020 1.152282
5900  0  0.691675  0.465206 693.612152 1.152282
6000  0  0.546161  0.433523 877.325516 1.152282
6100  0  0.431728  0.402046 1108.625430 1.152282
6200  0  0.341630  0.370903 1399.573922 1.152282
6300  0  0.270610  0.340212 1765.230112 1.152282
6400  0  0.214566  0.310070 2224.381426 1.152282
6500  0  0.170292  0.280553 2800.450249 1.152282
6600  0  0.135279  0.251708 3522.617457 1.152282
6700  0  0.107562  0.223547 4427.213916 1.152282
6800  0  0.085599  0.196043 5559.442931 1.152282
6900  0  0.068178  0.169117 6975.511166 1.152282
7000  0  0.054348  0.142637 8745.263523 1.152282
7100  0  0.043358  0.117321 10955.439435 1.152282
7200  0  0.034618  0.095252 13713.695048 1.152282
7300  0  0.027660  0.076181 17153.568916 1.152282
7400  0  0.022118  0.059971 21440.609406 1.152282
7500  0  0.017698  0.046426 26779.931872 1.152282
7600  0  0.014172  0.035312 33425.534597 1.152282
7700  0  0.011356  0.026364 41691.777218 1.152282
7800  0  0.009106  0.019300 51967.516771 1.152282
7900  0  0.007306  0.013839 64733.508274 1.152282
8000  0  0.005866  0.009708 80583.813517 1.152282
8100  0  0.004713  0.006655 100252.128785 1.152282
8200  0  0.003788  0.004452 124644.146284 1.152282
8300  0  0.003047  0.002903 154877.313161 1.152282
8400  0  0.002452  0.001842 192329.655959 1.152282
8500  0  0.001975  0.001135 238699.709014 1.152282
8600  0  0.001591  0.000679 296080.037091 1.152282
8700  0  0.001282  0.000393 367047.393024 1.152282
8800  0  0.001034  0.000220 454773.221380 1.152282
8900  0  0.000835  0.000119 563159.035015 1.152282
