STMin::Observed_Data::Expected_Bkg::Shape_Unc_down::Shap_Unc_up::Norm_Unc
2500  86022  86329.405077  0.990819 1.012330 1.010889
2600  64931  64850.815801  0.994074 1.014554 1.010889
2700  49404  49041.870671  0.994084 1.017293 1.010889
2800  37708  37311.778320  0.992711 1.019565 1.010889
2900  28946  28543.876228  0.991076 1.020545 1.010889
3000  22340  21945.882556  0.988938 1.020417 1.010889
3100  17150  16950.097659  0.986041 1.019486 1.010889
3200  13311  13146.026291  0.982211 1.018064 1.010889
3300  10264  10234.338647  0.977723 1.016484 1.010889
3400  8008  7995.059409  0.972798 1.015111 1.010889
3500  6264  6265.358554  0.967324 1.014358 1.010889
3600  4922  4923.895108  0.961062 1.014702 1.010889
3700  3879  3879.680306  0.953665 1.016479 1.010889
3800  3083  3064.088409  0.944664 1.019069 1.010889
3900  2441  2425.080089  0.933447 1.022588 1.010889
4000  1918  1922.994550  0.920609 1.027074 1.010889
4100  1492  1527.462989  0.907065 1.032816 1.010889
4200  1170  1215.129735  0.892851 1.040239 1.010889
4300  910  967.959345  0.877997 1.049659 1.010889
4400  732  771.971695  0.862530 1.060905 1.010889
4500  580  616.291715  0.846474 1.074274 1.010889
4600  461  492.431811  0.829851 1.089239 1.010889
4700  369  393.747384  0.812683 1.105762 1.010889
4800  291  315.021800  0.794988 1.123944 1.010889
4900  238  252.148659  0.776787 1.143922 1.010889
5000  183  201.887581  0.758099 1.165880 1.010889
5100  149  161.675766  0.738942 1.190066 1.010889
5200  127  129.482070  0.719336 1.216808 1.010889
5300  95  103.693615  0.699301 1.246548 1.010889
5400  75  83.027406  0.678855 1.279867 1.010889
5500  57  66.461221  0.658017 1.317535 1.010889
5600  47  53.179421  0.636807 1.360323 1.010889
5700  37  42.530352  0.615242 1.407814 1.010889
5800  28  33.992766  0.593337 1.460305 1.010889
5900  24  27.149292  0.571106 1.518333 1.010889
6000  22  21.665437  0.548555 1.582507 1.010889
6100  18  17.272921  0.525687 1.653527 1.010889
6200  11  13.756431  0.502495 1.732189 1.010889
6300  10  10.943077  0.478958 1.819412 1.010889
6400  8  8.693974  0.455040 1.916251 1.010889
6500  6  6.897528  0.430683 2.023925 1.010889
6600  4  5.464055  0.405797 2.143847 1.010889
6700  4  4.321480  0.380256 2.277655 1.010889
6800  4  3.411884  0.353878 2.427261 1.010889
6900  4  2.688732  0.326414 2.594895 1.010889
7000  2  2.114648  0.297521 2.783176 1.010889
7100  2  1.659628  0.266737 2.995182 1.010889
7200  1  1.299594  0.233434 3.234551 1.010889
7300  1  1.015244  0.201589 3.505593 1.010889
7400  1  0.791111  0.172117 3.813435 1.010889
7500  1  0.614817  0.145190 4.164206 1.010889
7600  1  0.476463  0.120918 4.565252 1.010889
7700  0  0.368145  0.099346 5.025428 1.010889
7800  0  0.283560  0.080458 5.555450 1.010889
7900  0  0.217686  0.064176 6.168344 1.010889
8000  0  0.166532  0.050369 6.880029 1.010889
8100  0  0.126930  0.038862 7.710053 1.010889
8200  0  0.096370  0.029445 8.682546 1.010889
8300  0  0.072870  0.021885 9.827465 1.010889
8400  0  0.054862  0.015938 11.182208 1.010889
8500  0  0.041117  0.011358 12.793746 1.010889
8600  0  0.030668  0.007911 14.721445 1.010889
8700  0  0.022759  0.005377 17.040824 1.010889
8800  0  0.016800  0.003562 19.848617 1.010889
8900  0  0.012331  0.002295 23.269612 1.010889
