STMin::Observed_Data::Expected_Bkg::Shape_Unc_down::Shap_Unc_up::Norm_Unc
2500  80681  79536.898826  0.985942 1.039148 1.015024
2600  59569  57697.926311  0.989511 1.052590 1.015024
2700  44305  42085.231502  0.987681 1.069675 1.015024
2800  32979  30853.859255  0.984528 1.087463 1.015024
2900  24846  22727.368756  0.980597 1.108570 1.015024
3000  18766  16815.638461  0.975167 1.130730 1.015024
3100  14172  12493.376209  0.967605 1.154898 1.015024
3200  10704  9318.321083  0.958493 1.182004 1.015024
3300  8008  6975.672793  0.950681 1.213272 1.015024
3400  6093  5240.022389  0.944793 1.250298 1.015024
3500  4693  3949.068531  0.940878 1.295164 1.015024
3600  3596  2985.338123  0.938711 1.350579 1.015024
3700  2782  2263.386749  0.937775 1.419024 1.015024
3800  2200  1720.778669  0.937227 1.501337 1.015024
3900  1717  1311.691996  0.935829 1.601492 1.015024
4000  1295  1002.359318  0.931855 1.724545 1.015024
4100  1000  767.799558  0.922958 1.877024 1.015024
4200  782  589.463566  0.907937 2.067141 1.015024
4300  620  453.529887  0.891305 2.304247 1.015024
4400  497  349.665567  0.873240 2.601113 1.015024
4500  408  270.121262  0.853750 2.969786 1.015024
4600  305  209.067765  0.832855 3.428646 1.015024
4700  241  162.107663  0.810586 4.000980 1.015024
4800  182  125.914589  0.786988 4.716179 1.015024
4900  139  97.965782  0.762119 5.611316 1.015024
5000  110  76.343177  0.736052 6.733123 1.015024
5100  88  59.584975  0.708870 8.140463 1.015024
5200  66  46.574561  0.680672 9.907427 1.015024
5300  41  36.457128  0.651568 12.127207 1.015024
5400  32  28.576910  0.621677 14.913433 1.015024
5500  27  22.429826  0.591130 18.389591 1.015024
5600  22  17.627640  0.560065 22.722361 1.015024
5700  18  13.870781  0.528626 28.121710 1.015024
5800  15  10.927679  0.496959 34.848415 1.015024
5900  11  8.619022  0.465212 43.226131 1.015024
6000  5  6.805727  0.433531 53.656263 1.015024
6100  5  5.379748  0.402054 66.636286 1.015024
6200  5  4.257016  0.370913 82.782279 1.015024
6300  5  3.372020  0.340224 102.856629 1.015024
6400  3  2.673640  0.310084 127.802054 1.015024
6500  3  2.121928  0.280569 158.783344 1.015024
6600  3  1.685623  0.251726 197.238519 1.015024
6700  3  1.340234  0.223568 244.941471 1.015024
6800  3  1.066545  0.196066 304.078568 1.015024
6900  3  0.849464  0.169142 377.342242 1.015024
7000  0  0.677121  0.142663 468.045169 1.015024
7100  0  0.540174  0.117348 580.259410 1.015024
7200  0  0.431257  0.095280 718.985739 1.015024
7300  0  0.344559  0.076209 890.359404 1.015024
7400  0  0.275489  0.059998 1101.899793 1.015024
7500  0  0.220419  0.046453 1362.812882 1.015024
7600  0  0.176477  0.035337 1684.357008 1.015024
7700  0  0.141387  0.026387 2080.284410 1.015024
7800  0  0.113345  0.019321 2567.373203 1.015024
7900  0  0.090919  0.013858 3166.066991 1.015024
8000  0  0.072972  0.009725 3901.242199 1.015024
8100  0  0.058599  0.006670 4803.126455 1.015024
8200  0  0.047081  0.004464 5908.395025 1.015024
8300  0  0.037844  0.002912 7261.476315 1.015024
8400  0  0.030432  0.001849 8916.101955 1.015024
8500  0  0.024481  0.001141 10937.141764 1.015024
8600  0  0.019700  0.000683 13402.769190 1.015024
8700  0  0.015856  0.000396 16407.008344 1.015024
8800  0  0.012764  0.000222 20062.719727 1.015024
8900  0  0.010276  0.000120 24505.087988 1.015024
9000  0  0.008272  0.000063 29895.681750 1.015024
9100  0  0.006658  0.000031 36427.162662 1.015024
9200  0  0.005356  0.000015 44328.728763 1.015024
9300  0  0.004306  0.000007 53872.386243 1.015024
9400  0  0.003459  0.000003 65380.154452 1.015024
9500  0  0.002775  0.000001 79232.322585 1.015024
9600  0  0.002223  0.000000 95876.894111 1.015024
9700  0  0.001776  0.000000 115840.378738 1.015024
9800  0  0.001415  0.000000 139740.124071 1.015024
9900  0  0.001123  0.000000 168298.423215 1.015024
