STMin::Observed_Data::Expected_Bkg::Shape_Unc_down::Shap_Unc_up::Norm_Unc
2500  45304  46747.767738  0.969323 1.018627 1.023915
2600  33613  33889.204434  0.977815 1.024959 1.023915
2700  25085  24732.639813  0.982985 1.033905 1.023915
2800  18711  18160.773536  0.987976 1.044512 1.023915
2900  14114  13409.888955  0.991119 1.056812 1.023915
3000  10627  9952.623388  0.990340 1.070947 1.023915
3100  8013  7421.393094  0.987421 1.085066 1.023915
3200  6104  5557.756289  0.983360 1.099668 1.023915
3300  4669  4178.545387  0.978634 1.115332 1.023915
3400  3549  3152.974733  0.973226 1.129915 1.023915
3500  2724  2387.014368  0.966866 1.142727 1.023915
3600  2088  1812.625568  0.959147 1.153762 1.023915
3700  1599  1380.281942  0.949498 1.163233 1.023915
3800  1218  1053.731626  0.937151 1.171607 1.023915
3900  931  806.301527  0.923695 1.179657 1.023915
4000  705  618.271298  0.909223 1.188519 1.023915
4100  525  474.995127  0.893739 1.199766 1.023915
4200  402  365.550077  0.877230 1.215503 1.023915
4300  314  281.757695  0.859661 1.235751 1.023915
4400  241  217.471961  0.840968 1.258795 1.023915
4500  185  168.058383  0.821053 1.283910 1.023915
4600  141  130.011102  0.799775 1.311299 1.023915
4700  109  100.670149  0.776933 1.341183 1.023915
4800  86  78.011764  0.752255 1.373801 1.023915
4900  69  60.492265  0.725375 1.409416 1.023915
5000  54  46.931356  0.695808 1.448320 1.023915
5100  44  36.424592  0.662912 1.490833 1.023915
5200  30  28.277492  0.625846 1.537314 1.023915
5300  25  21.955796  0.583510 1.588159 1.023915
5400  22  17.047794  0.536328 1.643817 1.023915
5500  19  13.235713  0.490006 1.704787 1.023915
5600  16  10.273935  0.445169 1.771636 1.023915
5700  13  7.972368  0.402142 1.845000 1.023915
5800  8  6.183724  0.361192 1.925603 1.023915
5900  4  4.793762  0.322533 2.014267 1.023915
6000  2  3.713795  0.286328 2.111926 1.023915
6100  2  2.874922  0.252683 2.219652 1.023915
6200  1  2.223576  0.221658 2.338668 1.023915
6300  1  1.718095  0.193265 2.470384 1.023915
6400  1  1.326056  0.167476 2.616422 1.023915
6500  1  1.022224  0.144227 2.778657 1.023915
6600  1  0.786954  0.123424 2.959263 1.023915
6700  0  0.604950  0.104947 3.160768 1.023915
6800  0  0.464307  0.088658 3.386123 1.023915
6900  0  0.355756  0.074404 3.638780 1.023915
7000  0  0.272085  0.062024 3.922795 1.023915
7100  0  0.207686  0.051352 4.242947 1.023915
7200  0  0.158198  0.042222 4.604891 1.023915
7300  0  0.120234  0.034469 5.015343 1.023915
7400  0  0.091164  0.027937 5.482309 1.023915
7500  0  0.068948  0.022477 6.015370 1.023915
7600  0  0.052007  0.017947 6.626047 1.023915
7700  0  0.039117  0.014221 7.328248 1.023915
7800  0  0.029334  0.011179 8.138843 1.023915
7900  0  0.021928  0.008717 9.078388 1.023915
8000  0  0.016337  0.006741 10.172059 1.023915
8100  0  0.012128  0.005168 11.450845 1.023915
8200  0  0.008970  0.003928 12.953096 1.023915
8300  0  0.006608  0.002958 14.726531 1.023915
8400  0  0.004848  0.002207 16.830881 1.023915
8500  0  0.003540  0.001631 19.341356 1.023915
8600  0  0.002574  0.001193 22.353266 1.023915
8700  0  0.001862  0.000863 25.988180 1.023915
8800  0  0.001340  0.000617 30.402245 1.023915
8900  0  0.000959  0.000436 35.797470 1.023915
