STMin::Observed_Data::Expected_Bkg::Shape_Unc_down::Shap_Unc_up::Norm_Unc
2500  73965  73833.561798  0.992163 1.007442 1.010601
2600  54802  54093.316250  0.995199 1.009390 1.010601
2700  40743  39880.867430  0.995365 1.012466 1.010601
2800  30363  29571.939758  0.994557 1.015354 1.010601
2900  22776  22043.283744  0.993576 1.017150 1.010601
3000  17118  16510.557187  0.992164 1.017890 1.010601
3100  12933  12421.147187  0.990009 1.017818 1.010601
3200  9883  9382.473426  0.986966 1.017202 1.010601
3300  7515  7113.499600  0.983413 1.016342 1.010601
3400  5734  5411.605974  0.979537 1.015591 1.010601
3500  4393  4129.741855  0.975156 1.015367 1.010601
3600  3354  3160.528581  0.970014 1.015991 1.010601
3700  2578  2425.107262  0.963746 1.016806 1.010601
3800  1993  1865.254686  0.955847 1.017871 1.010601
3900  1531  1437.769387  0.945650 1.019469 1.010601
4000  1190  1110.447097  0.933423 1.021985 1.010601
4100  922  859.177268  0.920234 1.025924 1.010601
4200  713  665.835871  0.906161 1.031742 1.010601
4300  557  516.747495  0.891226 1.039328 1.010601
4400  445  401.557029  0.875449 1.049160 1.010601
4500  354  312.397704  0.858850 1.060818 1.010601
4600  284  243.274809  0.841451 1.073999 1.010601
4700  218  189.607124  0.823275 1.088893 1.010601
4800  173  147.884319  0.804346 1.105758 1.010601
4900  137  115.409971  0.784693 1.124942 1.010601
5000  97  90.108090  0.764342 1.146559 1.010601
5100  78  70.376967  0.743327 1.170651 1.010601
5200  60  54.978390  0.721682 1.197432 1.010601
5300  46  42.953421  0.699441 1.227139 1.010601
5400  35  33.558170  0.676643 1.260039 1.010601
5500  31  26.214699  0.653328 1.296431 1.010601
5600  22  20.473380  0.629536 1.336652 1.010601
5700  14  15.983973  0.605308 1.381080 1.010601
5800  11  12.473355  0.580681 1.430145 1.010601
5900  9  9.728327  0.555691 1.484336 1.010601
6000  6  7.582327  0.530369 1.544206 1.010601
6100  5  5.905128  0.504736 1.610386 1.010601
6200  4  4.594851  0.478803 1.683600 1.010601
6300  4  3.571753  0.452561 1.764674 1.010601
6400  1  2.773393  0.425982 1.854559 1.010601
6500  1  2.150862  0.399002 1.954351 1.010601
6600  1  1.665850  0.371515 2.065314 1.010601
6700  1  1.288343  0.343360 2.188916 1.010601
6800  1  0.994827  0.314295 2.326862 1.010601
6900  0  0.766889  0.283977 2.481139 1.010601
7000  0  0.590109  0.251922 2.654072 1.010601
7100  0  0.453202  0.218730 2.848391 1.010601
7200  0  0.347341  0.187859 3.067313 1.010601
7300  0  0.265622  0.159491 3.314638 1.010601
7400  0  0.202654  0.133759 3.594878 1.010601
7500  0  0.154230  0.110734 3.913411 1.010601
7600  0  0.117068  0.090425 4.276667 1.010601
7700  0  0.088613  0.072777 4.692376 1.010601
7800  0  0.066877  0.057682 5.169864 1.010601
7900  0  0.050315  0.044981 5.720441 1.010601
8000  0  0.037730  0.034479 6.357885 1.010601
8100  0  0.028194  0.025952 7.099065 1.010601
8200  0  0.020991  0.019162 7.964744 1.010601
8300  0  0.015567  0.013863 8.980620 1.010601
8400  0  0.011498  0.009815 10.178672 1.010601
8500  0  0.008455  0.006792 11.598938 1.010601
8600  0  0.006189  0.004587 13.291857 1.010601
8700  0  0.004509  0.003020 15.321377 1.010601
8800  0  0.003268  0.001934 17.769132 1.010601
8900  0  0.002355  0.001204 20.740067 1.010601
