STMin::Observed_Data::Expected_Bkg::Shape_Unc_down::Shap_Unc_up::Norm_Unc
2500  167301  168339.893185  0.986778 1.013439 1.007343
2600  126261  126492.278302  0.991042 1.017284 1.007343
2700  95928  95740.443787  0.990916 1.021537 1.007343
2800  73147  72944.818419  0.988554 1.024610 1.007343
2900  56050  55911.979229  0.985662 1.026126 1.007343
3000  43145  43092.017495  0.981930 1.026382 1.007343
3100  33192  33378.218772  0.977023 1.025726 1.007343
3200  25656  25972.654099  0.970708 1.024224 1.007343
3300  19955  20294.853641  0.963247 1.022357 1.007343
3400  15644  15919.023793  0.954857 1.020636 1.007343
3500  12336  12530.414481  0.945276 1.019638 1.007343
3600  9724  9894.686096  0.934090 1.020026 1.007343
3700  7682  7836.198148  0.920731 1.022575 1.007343
3800  6024  6222.484072  0.905833 1.027297 1.007343
3900  4725  4953.056863  0.889141 1.032819 1.007343
4000  3722  3951.274187  0.870651 1.039700 1.007343
4100  2946  3158.383259  0.851425 1.048363 1.007343
4200  2326  2529.131249  0.831518 1.059340 1.007343
4300  1874  2028.508533  0.810998 1.073040 1.007343
4400  1505  1629.317605  0.789930 1.089397 1.007343
4500  1200  1310.347791  0.768372 1.109058 1.007343
4600  949  1054.997324  0.746381 1.131167 1.007343
4700  772  850.227738  0.724010 1.155741 1.007343
4800  627  685.766587  0.701310 1.182915 1.007343
4900  495  553.496683  0.678328 1.212839 1.007343
5000  406  446.986186  0.655113 1.245678 1.007343
5100  325  361.125574  0.631709 1.281613 1.007343
5200  259  291.846079  0.608159 1.320846 1.007343
5300  222  235.900500  0.584504 1.363599 1.007343
5400  176  190.691988  0.560785 1.410118 1.007343
5500  141  154.139846  0.537038 1.460678 1.007343
5600  118  124.574032  0.513298 1.515582 1.007343
5700  94  100.651960  0.489596 1.575166 1.007343
5800  74  81.292720  0.465960 1.639805 1.007343
5900  58  65.624922  0.442409 1.709917 1.007343
6000  47  52.945249  0.418959 1.785968 1.007343
6100  40  42.685435  0.395615 1.868478 1.007343
6200  32  34.385903  0.372371 1.958031 1.007343
6300  27  27.674674  0.349209 2.055280 1.007343
6400  20  22.250462  0.326088 2.160964 1.007343
6500  19  17.869100  0.302949 2.275915 1.007343
6600  17  14.332620  0.279701 2.401077 1.007343
6700  15  11.480458  0.256215 2.537523 1.007343
6800  12  9.182358  0.232314 2.686480 1.007343
6900  10  7.332638  0.207759 2.849358 1.007343
7000  9  5.845556  0.182231 3.027780 1.007343
7100  8  4.651556  0.157868 3.223633 1.007343
7200  6  3.694225  0.135378 3.439117 1.007343
7300  5  2.927825  0.114848 3.676820 1.007343
7400  3  2.315295  0.096327 3.939804 1.007343
7500  2  1.826615  0.079824 4.231720 1.007343
7600  2  1.437492  0.065310 4.556958 1.007343
7700  2  1.128281  0.052717 4.920842 1.007343
7800  2  0.883112  0.041948 5.329883 1.007343
7900  2  0.689177  0.032878 5.792125 1.007343
8000  2  0.536154  0.025359 6.317594 1.007343
8100  2  0.415734  0.019231 6.918917 1.007343
8200  2  0.321238  0.014324 7.612153 1.007343
8300  2  0.247309  0.010469 8.417939 1.007343
8400  2  0.189656  0.007498 9.363063 1.007343
8500  2  0.144847  0.005257 10.482666 1.007343
8600  2  0.110146  0.003603 11.823318 1.007343
8700  1  0.083376  0.002411 13.447378 1.007343
8800  1  0.062808  0.001573 15.439207 1.007343
8900  1  0.047072  0.000999 17.861052 1.007343
