STMin::Observed_Data::Expected_Bkg::Shape_Unc_down::Shap_Unc_up::Norm_Unc
2500  2011  3686.637805  0.831490 1.008711 1.198282
2600  1565  2664.787197  0.844433 1.011167 1.198282
2700  1187  1940.513539  0.854790 1.014383 1.198282
2800  915  1422.774135  0.864170 1.016018 1.198282
2900  697  1049.757377  0.872856 1.017707 1.198282
3000  562  779.051561  0.880547 1.018676 1.198282
3100  447  581.269502  0.886916 1.019107 1.198282
3200  346  435.862450  0.891817 1.019389 1.198282
3300  264  328.339511  0.895666 1.019979 1.198282
3400  227  248.400642  0.898445 1.021428 1.198282
3500  182  188.670353  0.899935 1.024408 1.198282
3600  154  143.830701  0.899801 1.029461 1.198282
3700  113  110.022393  0.897576 1.035884 1.198282
3800  90  84.427649  0.892625 1.044012 1.198282
3900  67  64.977367  0.885493 1.054514 1.198282
4000  52  50.144049  0.876939 1.068265 1.198282
4100  44  38.794337  0.867006 1.086398 1.198282
4200  33  30.083323  0.855730 1.109934 1.198282
4300  26  23.378322  0.843141 1.139442 1.198282
4400  22  18.203568  0.829262 1.175602 1.198282
4500  15  14.199882  0.814105 1.216682 1.198282
4600  11  11.095086  0.797666 1.263265 1.198282
4700  11  8.682204  0.779924 1.315828 1.198282
4800  10  6.803323  0.760834 1.374907 1.198282
4900  8  5.337586  0.740319 1.441110 1.198282
5000  4  4.192221  0.718264 1.515123 1.198282
5100  3  3.295824  0.694767 1.597721 1.198282
5200  2  2.593289  0.670671 1.689782 1.198282
5300  1  2.041988  0.646082 1.792297 1.198282
5400  1  1.608867  0.621060 1.906386 1.198282
5500  1  1.268243  0.595671 2.033318 1.198282
5600  1  1.000119  0.569981 2.174526 1.198282
5700  1  0.788897  0.544056 2.331636 1.198282
5800  1  0.622388  0.517965 2.506486 1.198282
5900  0  0.491053  0.491774 2.701160 1.198282
6000  0  0.387415  0.465547 2.918023 1.198282
6100  0  0.305604  0.439346 3.159758 1.198282
6200  0  0.241007  0.413224 3.429412 1.198282
6300  0  0.189996  0.387226 3.730450 1.198282
6400  0  0.149713  0.361385 4.066815 1.198282
6500  0  0.117903  0.335720 4.442998 1.198282
6600  0  0.092789  0.310226 4.864122 1.198282
6700  0  0.072967  0.284873 5.336031 1.198282
6800  0  0.057329  0.259596 5.865407 1.198282
6900  0  0.044997  0.234283 6.459890 1.198282
7000  0  0.035278  0.208766 7.128234 1.198282
7100  0  0.027625  0.182803 7.880476 1.198282
7200  0  0.021602  0.156053 8.728140 1.198282
7300  0  0.016868  0.129300 9.684473 1.198282
7400  0  0.013150  0.105696 10.764727 1.198282
7500  0  0.010234  0.085111 11.986478 1.198282
7600  0  0.007950  0.067453 13.370018 1.198282
7700  0  0.006164  0.052565 14.938799 1.198282
7800  0  0.004768  0.040238 16.719973 1.198282
7900  0  0.003681  0.030227 18.745020 1.198282
8000  0  0.002834  0.022257 21.050493 1.198282
8100  0  0.002176  0.016045 23.678913 1.198282
8200  0  0.001667  0.011311 26.679817 1.198282
8300  0  0.001273  0.007787 30.111028 1.198282
8400  0  0.000969  0.005227 34.040160 1.198282
8500  0  0.000735  0.003417 38.546427 1.198282
8600  0  0.000556  0.002171 43.722827 1.198282
8700  0  0.000419  0.001339 49.678766 1.198282
8800  0  0.000314  0.000800 56.543244 1.198282
8900  0  0.000235  0.000462 64.468729 1.198282
