STMin::Observed_Data::Expected_Bkg::Shape_Unc_down::Shap_Unc_up::Norm_Unc
2500  1148  1600.975127  0.974107 1.032432 1.337474
2600  902  1161.384794  0.980815 1.043330 1.337474
2700  696  847.121397  0.983060 1.056979 1.337474
2800  520  621.048368  0.982925 1.070144 1.337474
2900  385  457.472602  0.980611 1.086857 1.337474
3000  314  338.477101  0.975169 1.108858 1.337474
3100  254  251.475540  0.967608 1.132724 1.337474
3200  183  187.565778  0.958496 1.159528 1.337474
3300  139  140.411291  0.950683 1.190486 1.337474
3400  122  105.474888  0.944795 1.227187 1.337474
3500  94  79.489653  0.940881 1.271701 1.337474
3600  78  60.091004  0.938713 1.326720 1.337474
3700  56  45.559054  0.937777 1.394727 1.337474
3800  41  34.637054  0.937229 1.476608 1.337474
3900  30  26.402667  0.935831 1.576337 1.337474
4000  20  20.176199  0.931857 1.698974 1.337474
4100  18  15.454814  0.922959 1.851053 1.337474
4200  13  11.865141  0.907938 2.040790 1.337474
4300  12  9.128971  0.891305 2.277571 1.337474
4400  8  7.038317  0.873241 2.574186 1.337474
4500  8  5.437192  0.853751 2.942795 1.337474
4600  7  4.208264  0.832856 3.401857 1.337474
4700  7  3.263018  0.810586 3.974761 1.337474
4800  4  2.534498  0.786988 4.691031 1.337474
4900  4  1.971925  0.762120 5.587909 1.337474
5000  1  1.536690  0.736052 6.712340 1.337474
5100  1  1.199369  0.708871 8.123461 1.337474
5200  1  0.937486  0.680673 9.895713 1.337474
5300  1  0.733835  0.651568 12.122727 1.337474
5400  1  0.575216  0.621678 14.913473 1.337474
5500  1  0.451483  0.591131 18.389641 1.337474
5600  1  0.354822  0.560066 22.722423 1.337474
5700  1  0.279201  0.528626 28.121786 1.337474
5800  1  0.219960  0.496959 34.848510 1.337474
5900  0  0.173490  0.465212 43.226249 1.337474
6000  0  0.136991  0.433531 53.656409 1.337474
6100  0  0.108287  0.402055 66.636468 1.337474
6200  0  0.085688  0.370914 82.782504 1.337474
6300  0  0.067874  0.340224 102.856909 1.337474
6400  0  0.053817  0.310084 127.802403 1.337474
6500  0  0.042712  0.280569 158.783777 1.337474
6600  0  0.033929  0.251727 197.239057 1.337474
6700  0  0.026977  0.223568 244.942139 1.337474
6800  0  0.021468  0.196066 304.079398 1.337474
6900  0  0.017099  0.169142 377.343271 1.337474
7000  0  0.013630  0.142663 468.046445 1.337474
7100  0  0.010873  0.117348 580.260992 1.337474
7200  0  0.008681  0.095280 718.987700 1.337474
7300  0  0.006936  0.076209 890.361832 1.337474
7400  0  0.005545  0.059998 1101.902797 1.337474
7500  0  0.004437  0.046453 1362.816598 1.337474
7600  0  0.003552  0.035337 1684.361601 1.337474
7700  0  0.002846  0.026387 2080.290082 1.337474
7800  0  0.002281  0.019321 2567.380203 1.337474
7900  0  0.001830  0.013858 3166.075624 1.337474
8000  0  0.001469  0.009725 3901.252836 1.337474
8100  0  0.001180  0.006670 4803.139552 1.337474
8200  0  0.000948  0.004464 5908.411135 1.337474
8300  0  0.000762  0.002912 7261.496115 1.337474
8400  0  0.000613  0.001849 8916.126266 1.337474
8500  0  0.000493  0.001141 10937.171586 1.337474
8600  0  0.000397  0.000683 13402.805735 1.337474
8700  0  0.000319  0.000396 16407.053080 1.337474
8800  0  0.000257  0.000222 20062.774430 1.337474
8900  0  0.000207  0.000120 24505.154804 1.337474
9000  0  0.000167  0.000063 29895.763264 1.337474
9100  0  0.000134  0.000031 36427.261985 1.337474
9200  0  0.000108  0.000015 44328.849631 1.337474
9300  0  0.000087  0.000007 53872.533133 1.337474
9400  0  0.000070  0.000003 65380.332719 1.337474
9500  0  0.000056  0.000001 79232.538622 1.337474
9600  0  0.000045  0.000000 95877.155531 1.337474
9700  0  0.000036  0.000000 115840.694591 1.337474
9800  0  0.000028  0.000000 139740.505090 1.337474
9900  0  0.000023  0.000000 168298.882101 1.337474
