STMin::Observed_Data::Expected_Bkg::Shape_Unc_down::Shap_Unc_up::Norm_Unc
2500  143731  143586.280413  0.990112 1.008776 1.006137
2600  108319  107806.405870  0.990235 1.009969 1.006137
2700  81868  81446.973898  0.987713 1.011721 1.006137
2800  62410  61880.159311  0.984645 1.013449 1.006137
2900  47675  47255.094377  0.980679 1.015074 1.006137
3000  36674  36254.723742  0.975874 1.016474 1.006137
3100  28262  27932.987672  0.970180 1.018026 1.006137
3200  21821  21604.408747  0.964270 1.020164 1.006137
3300  16894  16768.336317  0.958224 1.023383 1.006137
3400  13186  13056.404947  0.951803 1.028263 1.006137
3500  10351  10195.725917  0.944597 1.034587 1.006137
3600  8113  7982.859028  0.936008 1.042562 1.006137
3700  6415  6265.246874  0.925212 1.052855 1.006137
3800  5070  4927.864312  0.913351 1.066335 1.006137
3900  4025  3883.545232  0.900879 1.084121 1.006137
4000  3188  3065.923958  0.887819 1.106198 1.006137
4100  2514  2424.250307  0.874190 1.132704 1.006137
4200  1971  1919.557215  0.860007 1.164406 1.006137
4300  1555  1521.811551  0.845282 1.201755 1.006137
4400  1258  1207.784244  0.830023 1.244065 1.006137
4500  1000  959.449925  0.814237 1.291796 1.006137
4600  800  762.778614  0.797929 1.345432 1.006137
4700  621  606.819249  0.781103 1.405515 1.006137
4800  494  483.001598  0.763762 1.472663 1.006137
4900  391  384.602366  0.745907 1.547575 1.006137
5000  319  306.335332  0.727539 1.631042 1.006137
5100  266  244.035576  0.708657 1.723962 1.006137
5200  213  194.415386  0.689258 1.827357 1.006137
5300  172  154.874972  0.669334 1.942384 1.006137
5400  132  123.355252  0.648876 2.070361 1.006137
5500  104  98.223027  0.627868 2.212788 1.006137
5600  80  78.181209  0.606285 2.371372 1.006137
5700  62  62.198438  0.584091 2.548061 1.006137
5800  56  49.453789  0.561235 2.745078 1.006137
5900  50  39.293242  0.537649 2.964966 1.006137
6000  42  31.195330  0.513234 3.210634 1.006137
6100  32  24.744003  0.487858 3.485418 1.006137
6200  26  19.607128  0.462232 3.793148 1.006137
6300  22  15.519450  0.436877 4.138227 1.006137
6400  19  12.269058  0.411846 4.525729 1.006137
6500  16  9.686622  0.387179 4.961505 1.006137
6600  16  7.636820  0.362904 5.452319 1.006137
6700  13  6.011516  0.339032 6.006003 1.006137
6800  10  4.724303  0.315556 6.631642 1.006137
6900  9  3.706155  0.292442 7.339796 1.006137
7000  8  2.901953  0.269629 8.142764 1.006137
7100  6  2.267698  0.247015 9.054900 1.006137
7200  4  1.768291  0.224451 10.092991 1.006137
7300  4  1.375751  0.201727 11.276715 1.006137
7400  4  1.067788  0.178548 12.629190 1.006137
7500  4  0.826664  0.154514 14.177640 1.006137
7600  4  0.638277  0.129080 15.954201 1.006137
7700  3  0.491429  0.105978 17.996907 1.006137
7800  1  0.377237  0.085744 20.350887 1.006137
7900  1  0.288669  0.068303 23.069834 1.006137
8000  0  0.220161  0.053520 26.217816 1.006137
8100  0  0.167325  0.041211 29.871497 1.006137
8200  0  0.126700  0.031152 34.122905 1.006137
8300  0  0.095565  0.023090 39.082858 1.006137
8400  0  0.071786  0.016763 44.885249 1.006137
8500  0  0.053690  0.011904 51.692426 1.006137
8600  0  0.039973  0.008258 59.701957 1.006137
8700  0  0.029618  0.005588 69.155216 1.006137
8800  0  0.021833  0.003683 80.348309 1.006137
8900  0  0.016009  0.002360 93.646067 1.006137
