STMin::Observed_Data::Expected_Bkg::Shape_Unc_down::Shap_Unc_up::Norm_Unc
2500  215  105.353510  0.987501 1.113722 2.000905
2600  175  79.163680  0.992005 1.117231 2.000905
2700  136  59.918012  0.992188 1.120681 2.000905
2800  109  45.651643  0.990223 1.122477 2.000905
2900  85  34.991844  0.987839 1.122112 2.000905
3000  66  26.968624  0.984756 1.119802 2.000905
3100  54  20.889359  0.980671 1.115954 2.000905
3200  39  16.254675  0.975396 1.110989 2.000905
3300  30  12.701292  0.969246 1.105348 2.000905
3400  19  9.962731  0.962504 1.099509 2.000905
3500  17  7.842010  0.954990 1.093995 2.000905
3600  15  6.192471  0.946390 1.089164 2.000905
3700  12  4.904191  0.936261 1.084400 2.000905
3800  10  3.894267  0.924013 1.079947 2.000905
3900  5  3.099811  0.908882 1.076276 2.000905
4000  4  2.472858  0.891059 1.073972 2.000905
4100  2  1.976636  0.872667 1.073756 2.000905
4200  2  1.582827  0.853500 1.076517 2.000905
4300  1  1.269518  0.833628 1.083341 2.000905
4400  1  1.019689  0.813118 1.094379 2.000905
4500  1  0.820066  0.792031 1.110226 2.000905
4600  1  0.660257  0.770425 1.131172 2.000905
4700  1  0.532105  0.748355 1.155746 2.000905
4800  0  0.429179  0.725876 1.182920 2.000905
4900  0  0.346399  0.703038 1.212844 2.000905
5000  0  0.279741  0.679890 1.245683 2.000905
5100  0  0.226006  0.656482 1.281618 2.000905
5200  0  0.182648  0.632859 1.320851 2.000905
5300  0  0.147636  0.609066 1.363604 2.000905
5400  0  0.119342  0.585147 1.410124 2.000905
5500  0  0.096467  0.561144 1.460684 2.000905
5600  0  0.077963  0.537094 1.515588 2.000905
5700  0  0.062992  0.513034 1.575172 2.000905
5800  0  0.050876  0.488997 1.639812 2.000905
5900  0  0.041071  0.465009 1.709925 2.000905
6000  0  0.033135  0.441092 1.785976 2.000905
6100  0  0.026714  0.417260 1.868486 2.000905
6200  0  0.021520  0.393515 1.958039 2.000905
6300  0  0.017320  0.369848 2.055289 2.000905
6400  0  0.013925  0.346233 2.160973 2.000905
6500  0  0.011183  0.322624 2.275924 2.000905
6600  0  0.008970  0.298947 2.401086 2.000905
6700  0  0.007185  0.275096 2.537533 2.000905
6800  0  0.005747  0.250918 2.686491 2.000905
6900  0  0.004589  0.226207 2.849369 2.000905
7000  0  0.003658  0.200684 3.027792 2.000905
7100  0  0.002911  0.173976 3.223645 2.000905
7200  0  0.002312  0.149191 3.439130 2.000905
7300  0  0.001832  0.126566 3.676834 2.000905
7400  0  0.001449  0.106156 3.939819 2.000905
7500  0  0.001143  0.087969 4.231736 2.000905
7600  0  0.000900  0.071973 4.556974 2.000905
7700  0  0.000706  0.058096 4.920859 2.000905
7800  0  0.000553  0.046228 5.329901 2.000905
7900  0  0.000431  0.036233 5.792143 2.000905
8000  0  0.000336  0.027947 6.317613 2.000905
8100  0  0.000260  0.021193 6.918936 2.000905
8200  0  0.000201  0.015786 7.612172 2.000905
8300  0  0.000155  0.011537 8.417957 2.000905
8400  0  0.000119  0.008263 9.363080 2.000905
8500  0  0.000091  0.005794 10.482681 2.000905
8600  0  0.000069  0.003971 11.823330 2.000905
8700  0  0.000052  0.002657 13.447384 2.000905
8800  0  0.000039  0.001733 15.439205 2.000905
8900  0  0.000029  0.001101 17.861050 2.000905
