STMin::Observed_Data::Expected_Bkg::Shape_Unc_down::Shap_Unc_up::Norm_Unc
2500  2975  3304.810052  0.993241 1.024815 1.059083
2600  2316  2481.293427  0.994403 1.025300 1.059083
2700  1782  1874.599560  0.993230 1.026135 1.059083
2800  1376  1424.245909  0.991907 1.026668 1.059083
2900  1040  1087.632540  0.990189 1.026823 1.059083
3000  814  834.445848  0.987677 1.026739 1.059083
3100  665  642.911134  0.984067 1.026862 1.059083
3200  527  497.251318  0.979667 1.027689 1.059083
3300  411  385.943324  0.974616 1.029789 1.059083
3400  330  300.508782  0.968670 1.033829 1.059083
3500  273  234.666832  0.961463 1.040607 1.059083
3600  214  183.735052  0.952660 1.049807 1.059083
3700  153  144.202153  0.941884 1.061934 1.059083
3800  130  113.420694  0.929804 1.077834 1.059083
3900  99  89.384440  0.917090 1.098392 1.059083
4000  75  70.565908  0.903773 1.123275 1.059083
4100  59  55.797022  0.889871 1.152206 1.059083
4200  42  44.180906  0.875399 1.185494 1.059083
4300  32  35.026314  0.860367 1.223482 1.059083
4400  26  27.798600  0.844780 1.266557 1.059083
4500  21  22.082888  0.828644 1.315151 1.059083
4600  18  17.556262  0.811961 1.369756 1.059083
4700  14  13.966671  0.794729 1.430926 1.059083
4800  11  11.116860  0.776948 1.499288 1.059083
4900  9  8.852084  0.758611 1.575554 1.059083
5000  6  7.050674  0.739711 1.660530 1.059083
5100  6  5.616771  0.720236 1.755130 1.059083
5200  5  4.474703  0.700171 1.860394 1.059083
5300  5  3.564633  0.679491 1.977500 1.059083
5400  4  2.839169  0.658167 2.107791 1.059083
5500  3  2.260720  0.636154 2.252792 1.059083
5600  3  1.799434  0.613394 2.414243 1.059083
5700  3  1.431571  0.589809 2.594126 1.059083
5800  3  1.138238  0.565293 2.794704 1.059083
5900  3  0.904381  0.539705 3.018567 1.059083
6000  2  0.717998  0.513741 3.268675 1.059083
6100  0  0.569513  0.487918 3.548425 1.059083
6200  0  0.451282  0.462308 3.861717 1.059083
6300  0  0.357199  0.436973 4.213033 1.059083
6400  0  0.282387  0.411967 4.607537 1.059083
6500  0  0.222949  0.387332 5.051188 1.059083
6600  0  0.175771  0.363098 5.550870 1.059083
6700  0  0.138362  0.339280 6.114558 1.059083
6800  0  0.108735  0.315871 6.751499 1.059083
6900  0  0.085302  0.292844 7.472446 1.059083
7000  0  0.066792  0.270142 8.289917 1.059083
7100  0  0.052194  0.247671 9.218526 1.059083
7200  0  0.040699  0.225294 10.275362 1.059083
7300  0  0.031665  0.202809 11.480458 1.059083
7400  0  0.024576  0.179943 12.857346 1.059083
7500  0  0.019027  0.156316 14.433739 1.059083
7600  0  0.014691  0.131414 16.242353 1.059083
7700  0  0.011311  0.107894 18.321903 1.059083
7800  0  0.008683  0.087294 20.718326 1.059083
7900  0  0.006644  0.069538 23.486278 1.059083
8000  0  0.005067  0.054488 26.690972 1.059083
8100  0  0.003851  0.041957 30.410441 1.059083
8200  0  0.002916  0.031715 34.738354 1.059083
8300  0  0.002200  0.023508 39.787498 1.059083
8400  0  0.001652  0.017066 45.694145 1.059083
8500  0  0.001236  0.012119 52.623512 1.059083
8600  0  0.000920  0.008407 60.776654 1.059083
8700  0  0.000682  0.005689 70.399184 1.059083
8800  0  0.000503  0.003749 81.792386 1.059083
8900  0  0.000368  0.002403 95.327437 1.059083
