STMin::Observed_Data::Expected_Bkg::Shape_Unc_down::Shap_Unc_up::Norm_Unc
2500  705  763.658733  0.990444 1.025014 1.117377
2600  547  574.005157  0.990646 1.027543 1.117377
2700  431  434.105123  0.989056 1.030858 1.117377
2800  334  330.125399  0.988115 1.034375 1.117377
2900  259  252.311817  0.986895 1.037509 1.117377
3000  210  193.715369  0.984442 1.040624 1.117377
3100  172  149.338512  0.980110 1.044182 1.117377
3200  127  115.555790  0.974587 1.048699 1.117377
3300  103  89.715980  0.968007 1.054768 1.117377
3400  91  69.865919  0.960161 1.063090 1.117377
3500  68  54.556843  0.950596 1.074507 1.117377
3600  53  42.707320  0.938684 1.088815 1.117377
3700  42  33.505375  0.923964 1.106338 1.117377
3800  32  26.338040  0.906937 1.127924 1.117377
3900  25  20.740243  0.887183 1.154509 1.117377
4000  20  16.357481  0.864139 1.185814 1.117377
4100  18  12.918361  0.837090 1.221673 1.117377
4200  11  10.214283  0.805896 1.262469 1.117377
4300  10  8.084313  0.772545 1.308628 1.117377
4400  8  6.403865  0.737371 1.360634 1.117377
4500  7  5.076187  0.700714 1.419029 1.117377
4600  6  4.025916  0.662927 1.484431 1.117377
4700  5  3.194197  0.624370 1.557537 1.117377
4800  4  2.534948  0.585401 1.639140 1.117377
4900  4  2.012004  0.546366 1.730143 1.117377
5000  3  1.596928  0.507599 1.831570 1.117377
5100  2  1.267315  0.469407 1.944589 1.117377
5200  2  1.005479  0.432075 2.070533 1.117377
5300  2  0.797443  0.395857 2.210921 1.117377
5400  2  0.632139  0.360972 2.367490 1.117377
5500  2  0.500797  0.327608 2.542227 1.117377
5600  2  0.396458  0.295917 2.737411 1.117377
5700  2  0.313596  0.266015 2.955653 1.117377
5800  2  0.247818  0.237985 3.199957 1.117377
5900  1  0.195629  0.211879 3.473779 1.117377
6000  1  0.154250  0.187718 3.781106 1.117377
6100  1  0.121466  0.165496 4.126541 1.117377
6200  0  0.095517  0.145183 4.515413 1.117377
6300  0  0.074997  0.126728 4.953898 1.117377
6400  0  0.058789  0.110063 5.449175 1.117377
6500  0  0.046004  0.095103 6.009597 1.117377
6600  0  0.035931  0.081755 6.644913 1.117377
6700  0  0.028008  0.069916 7.366519 1.117377
6800  0  0.021786  0.059477 8.187770 1.117377
6900  0  0.016908  0.050327 9.124352 1.117377
7000  0  0.013091  0.042356 10.194736 1.117377
7100  0  0.010110  0.035452 11.420724 1.117377
7200  0  0.007787  0.029509 12.828117 1.117377
7300  0  0.005981  0.024423 14.447531 1.117377
7400  0  0.004580  0.020098 16.315394 1.117377
7500  0  0.003497  0.016442 18.475180 1.117377
7600  0  0.002661  0.013371 20.978918 1.117377
7700  0  0.002018  0.010808 23.889077 1.117377
7800  0  0.001524  0.008682 27.280899 1.117377
7900  0  0.001147  0.006929 31.245317 1.117377
8000  0  0.000860  0.005495 35.892617 1.117377
8100  0  0.000642  0.004328 41.357049 1.117377
8200  0  0.000477  0.003386 47.802672 1.117377
8300  0  0.000353  0.002630 55.430793 1.117377
8400  0  0.000260  0.002028 64.489488 1.117377
8500  0  0.000190  0.001553 75.285874 1.117377
8600  0  0.000139  0.001179 88.202015 1.117377
8700  0  0.000100  0.000889 103.715684 1.117377
8800  0  0.000072  0.000664 122.427679 1.117377
8900  0  0.000052  0.000492 145.098057 1.117377
