STMin::Observed_Data::Expected_Bkg::Shape_Unc_down::Shap_Unc_up::Norm_Unc
2500  46769  50882.789804  0.938918 1.093592 1.026845
2600  34792  36911.565596  0.947858 1.127640 1.026845
2700  26072  26923.528865  0.953412 1.172566 1.026845
2800  19495  19738.391390  0.957863 1.227808 1.026845
2900  14867  14539.565269  0.961786 1.300895 1.026845
3000  11295  10757.605777  0.964053 1.400219 1.026845
3100  8571  7992.489654  0.963325 1.534949 1.026845
3200  6538  5961.285713  0.958414 1.713389 1.026845
3300  4882  4462.604194  0.950682 1.945750 1.026845
3400  3782  3352.242389  0.944795 2.247980 1.026845
3500  2939  2526.369936  0.940880 2.641515 1.026845
3600  2251  1909.834813  0.938712 3.154012 1.026845
3700  1745  1447.974966  0.937776 3.820128 1.026845
3800  1362  1100.847869  0.937228 4.682180 1.026845
3900  1035  839.139511  0.935830 5.797152 1.026845
4000  772  641.247591  0.931856 7.237982 1.026845
4100  595  491.190760  0.922958 9.097969 1.026845
4200  466  377.102420  0.907937 11.496091 1.026845
4300  369  290.140458  0.891305 14.582955 1.026845
4400  290  223.694488  0.873240 18.551068 1.026845
4500  227  172.806961  0.853750 23.641217 1.026845
4600  166  133.748708  0.832855 30.161978 1.026845
4700  130  103.706539  0.810585 38.504597 1.026845
4800  106  80.552448  0.786987 49.164474 1.026845
4900  87  62.672530  0.762118 62.768194 1.026845
5000  67  48.839724  0.736051 80.107400 1.026845
5100  55  38.118863  0.708869 102.181228 1.026845
5200  44  29.795605  0.680671 130.249409 1.026845
5300  33  23.323096  0.651566 165.888068 1.026845
5400  25  18.281820  0.621675 211.077263 1.026845
5500  22  14.349296  0.591127 268.313460 1.026845
5600  18  11.277154  0.560062 340.730884 1.026845
5700  15  8.873748  0.528621 432.261046 1.026845
5800  15  6.990934  0.496953 547.831411 1.026845
5900  11  5.513997  0.465205 693.612647 1.026845
6000  5  4.353964  0.433523 877.326142 1.026845
6100  5  3.441710  0.402045 1108.626222 1.026845
6200  5  2.723456  0.370903 1399.574921 1.026845
6300  5  2.157290  0.340211 1765.231372 1.026845
6400  3  1.710510  0.310069 2224.383014 1.026845
6500  3  1.357559  0.280553 2800.452248 1.026845
6600  3  1.078438  0.251708 3522.619971 1.026845
6700  3  0.857479  0.223547 4427.217076 1.026845
6800  3  0.682390  0.196042 5559.446899 1.026845
6900  3  0.543514  0.169117 6975.516145 1.026845
7000  0  0.433261  0.142637 8745.269766 1.026845
7100  0  0.345650  0.117320 10955.447255 1.026845
7200  0  0.275972  0.095252 13713.704838 1.026845
7300  0  0.220507  0.076181 17153.581161 1.026845
7400  0  0.176321  0.059970 21440.624711 1.026845
7500  0  0.141091  0.046426 26779.950989 1.026845
7600  0  0.112979  0.035312 33425.558457 1.026845
7700  0  0.090531  0.026364 41691.806979 1.026845
7800  0  0.072591  0.019300 51967.553868 1.026845
7900  0  0.058245  0.013839 64733.554483 1.026845
8000  0  0.046763  0.009708 80583.871040 1.026845
8100  0  0.037568  0.006655 100252.200349 1.026845
8200  0  0.030199  0.004452 124644.235260 1.026845
8300  0  0.024290  0.002903 154877.423717 1.026845
8400  0  0.019549  0.001842 192329.793251 1.026845
8500  0  0.015742  0.001135 238699.879406 1.026845
8600  0  0.012683  0.000679 296080.248443 1.026845
8700  0  0.010224  0.000393 367047.655036 1.026845
8800  0  0.008246  0.000220 454773.546013 1.026845
8900  0  0.006654  0.000119 563159.437018 1.026845
