STMin::Observed_Data::Expected_Bkg::Shape_Unc_down::Shap_Unc_up::Norm_Unc
2500  16281  18434.207130  0.915126 1.009389 1.047776
2600  12206  13363.645886  0.926095 1.012215 1.047776
2700  9256  9752.906444  0.934999 1.016443 1.047776
2800  6933  7161.399939  0.945114 1.020732 1.047776
2900  5317  5287.967374  0.955314 1.024607 1.047776
3000  4054  3924.652019  0.964223 1.028482 1.047776
3100  3027  2926.503320  0.970477 1.032917 1.047776
3200  2325  2191.609045  0.973262 1.038606 1.047776
3300  1821  1647.740093  0.973883 1.046422 1.047776
3400  1371  1243.323310  0.971833 1.057464 1.047776
3500  1057  941.279539  0.966457 1.069454 1.047776
3600  814  714.778840  0.958609 1.079782 1.047776
3700  610  544.291299  0.948793 1.088645 1.047776
3800  465  415.521596  0.936228 1.096482 1.047776
3900  367  317.951639  0.922488 1.104016 1.047776
4000  282  243.805035  0.907648 1.112310 1.047776
4100  214  187.306453  0.891689 1.122836 1.047776
4200  160  144.148612  0.874565 1.137564 1.047776
4300  128  111.106476  0.856203 1.156516 1.047776
4400  98  85.756462  0.836487 1.178082 1.047776
4500  76  66.271037  0.815255 1.201586 1.047776
4600  60  51.267723  0.792279 1.227219 1.047776
4700  51  39.697604  0.767252 1.255187 1.047776
4800  40  30.762646  0.739762 1.285713 1.047776
4900  36  23.854122  0.709264 1.319045 1.047776
5000  29  18.506602  0.675041 1.355455 1.047776
5100  24  14.363434  0.636154 1.395242 1.047776
5200  15  11.150760  0.591378 1.438742 1.047776
5300  12  8.657904  0.546332 1.486328 1.047776
5400  10  6.722515  0.501938 1.538416 1.047776
5500  9  5.219284  0.458586 1.595478 1.047776
5600  8  4.051356  0.416625 1.658040 1.047776
5700  7  3.143771  0.376356 1.726700 1.047776
5800  5  2.438449  0.338031 1.802135 1.047776
5900  2  1.890340  0.301852 1.885113 1.047776
6000  1  1.464473  0.267968 1.976511 1.047776
6100  1  1.133678  0.236481 2.077329 1.047776
6200  0  0.876831  0.207445 2.188714 1.047776
6300  0  0.677502  0.180872 2.311985 1.047776
6400  0  0.522908  0.156737 2.448659 1.047776
6500  0  0.403097  0.134979 2.600491 1.047776
6600  0  0.310322  0.115510 2.769517 1.047776
6700  0  0.238552  0.098218 2.958102 1.047776
6800  0  0.183092  0.082973 3.169007 1.047776
6900  0  0.140286  0.069633 3.405464 1.047776
7000  0  0.107292  0.058047 3.671268 1.047776
7100  0  0.081897  0.048059 3.970892 1.047776
7200  0  0.062383  0.039514 4.309629 1.047776
7300  0  0.047412  0.032259 4.693763 1.047776
7400  0  0.035949  0.026146 5.130787 1.047776
7500  0  0.027188  0.021036 5.629668 1.047776
7600  0  0.020508  0.016797 6.201189 1.047776
7700  0  0.015425  0.013309 6.858366 1.047776
7800  0  0.011567  0.010462 7.616986 1.047776
7900  0  0.008647  0.008158 8.496288 1.047776
8000  0  0.006442  0.006308 9.519833 1.047776
8100  0  0.004782  0.004837 10.716625 1.047776
8200  0  0.003537  0.003676 12.122552 1.047776
8300  0  0.002606  0.002768 13.782275 1.047776
8400  0  0.001912  0.002065 15.751695 1.047776
8500  0  0.001396  0.001526 18.101201 1.047776
8600  0  0.001015  0.001116 20.919989 1.047776
8700  0  0.000734  0.000808 24.321835 1.047776
8800  0  0.000528  0.000578 28.452873 1.047776
8900  0  0.000378  0.000409 33.502160 1.047776
