STMin::Observed_Data::Expected_Bkg::Shape_Unc_down::Shap_Unc_up::Norm_Unc
2500  48441  49207.556482  0.991260 1.011786 1.011407
2600  36757  36945.659367  0.991764 1.012625 1.011407
2700  27856  27912.183231  0.989736 1.013917 1.011407
2800  21213  21206.562533  0.987309 1.015048 1.011407
2900  16258  16194.497963  0.984167 1.015982 1.011407
3000  12467  12424.629715  0.979829 1.016902 1.011407
3100  9574  9572.739572  0.974114 1.018307 1.011407
3200  7395  7403.911854  0.968179 1.020587 1.011407
3300  5715  5746.571706  0.962107 1.023927 1.011407
3400  4474  4474.478913  0.955659 1.028962 1.011407
3500  3511  3494.113487  0.948423 1.035482 1.011407
3600  2711  2735.755710  0.939797 1.043705 1.011407
3700  2135  2147.123587  0.928955 1.054312 1.011407
3800  1690  1688.797570  0.917044 1.068189 1.011407
3900  1314  1330.905507  0.904518 1.086474 1.011407
4000  1024  1050.703632  0.891401 1.109177 1.011407
4100  800  830.799667  0.877713 1.136472 1.011407
4200  618  657.839452  0.863467 1.169166 1.011407
4300  476  521.530523  0.848674 1.206631 1.011407
4400  373  413.912187  0.833344 1.249112 1.011407
4500  291  328.807086  0.817482 1.297037 1.011407
4600  224  261.407090  0.801094 1.350890 1.011407
4700  180  207.959231  0.784182 1.411218 1.011407
4800  146  165.526458  0.766747 1.478638 1.011407
4900  112  131.804672  0.748792 1.553854 1.011407
5000  91  104.982266  0.730314 1.637659 1.011407
5100  79  83.631906  0.711310 1.730957 1.011407
5200  66  66.626881  0.691775 1.834771 1.011407
5300  50  53.076234  0.671700 1.950264 1.011407
5400  41  42.274307  0.651071 2.078761 1.011407
5500  31  33.661400  0.629865 2.221765 1.011407
5600  22  26.792994  0.608053 2.380993 1.011407
5700  18  21.315638  0.585592 2.558398 1.011407
5800  17  16.947999  0.562421 2.756215 1.011407
5900  16  13.465941  0.538457 2.976994 1.011407
6000  13  10.690757  0.513586 3.223659 1.011407
6100  9  8.479863  0.487871 3.499557 1.011407
6200  7  6.719436  0.462249 3.808535 1.011407
6300  5  5.318574  0.436898 4.155014 1.011407
6400  3  4.204652  0.411872 4.544088 1.011407
6500  2  3.319642  0.387213 4.981631 1.011407
6600  2  2.617167  0.362947 5.474435 1.011407
6700  2  2.060169  0.339087 6.030364 1.011407
6800  1  1.619036  0.315626 6.658539 1.011407
6900  1  1.270113  0.292532 7.369564 1.011407
7000  0  0.994510  0.269744 8.175787 1.011407
7100  0  0.777149  0.247162 9.091619 1.011407
7200  0  0.606000  0.224640 10.133917 1.011407
7300  0  0.471475  0.201970 11.322437 1.011407
7400  0  0.365935  0.178861 12.680391 1.011407
7500  0  0.283301  0.154918 14.235111 1.011407
7600  0  0.218740  0.129604 16.018866 1.011407
7700  0  0.168414  0.106408 18.069840 1.011407
7800  0  0.129281  0.086092 20.433344 1.011407
7900  0  0.098928  0.068580 23.163289 1.011407
8000  0  0.075450  0.053737 26.323997 1.011407
8100  0  0.057343  0.041379 29.992442 1.011407
8200  0  0.043420  0.031278 34.261018 1.011407
8300  0  0.032750  0.023184 39.240986 1.011407
8400  0  0.024601  0.016831 45.066774 1.011407
8500  0  0.018400  0.011952 51.901371 1.011407
8600  0  0.013699  0.008291 59.943130 1.011407
8700  0  0.010150  0.005611 69.434376 1.011407
8800  0  0.007482  0.003698 80.672375 1.011407
8900  0  0.005486  0.002370 94.023384 1.011407
