STMin::Observed_Data::Expected_Bkg::Shape_Unc_down::Shap_Unc_up::Norm_Unc
2500  38460  40217.027327  0.987736 1.017226 1.019508
2600  29363  30234.599575  0.991637 1.020543 1.019508
2700  22438  22875.183947  0.991641 1.024959 1.019508
2800  17324  17408.310744  0.989806 1.029071 1.019508
2900  13490  13318.936058  0.987772 1.031583 1.019508
3000  10480  10240.305908  0.985202 1.032603 1.019508
3100  8063  7908.864728  0.981746 1.032442 1.019508
3200  6210  6133.606755  0.977165 1.031441 1.019508
3300  4773  4775.012329  0.971689 1.029978 1.019508
3400  3759  3730.421518  0.965487 1.028482 1.019508
3500  3033  2923.779600  0.958325 1.027450 1.019508
3600  2350  2298.382699  0.949839 1.027467 1.019508
3700  1839  1811.702443  0.939533 1.029226 1.019508
3800  1447  1431.664557  0.926760 1.032057 1.019508
3900  1099  1133.953010  0.910692 1.035540 1.019508
4000  853  900.043437  0.892761 1.039990 1.019508
4100  656  715.759103  0.873804 1.045810 1.019508
4200  514  570.203981  0.853899 1.053517 1.019508
4300  418  454.969852  0.833122 1.063528 1.019508
4400  327  363.543790  0.811547 1.075820 1.019508
4500  254  290.863073  0.789247 1.091048 1.019508
4600  191  232.979197  0.766293 1.108487 1.019508
4700  148  186.803057  0.742759 1.127708 1.019508
4800  123  149.910832  0.718714 1.148797 1.019508
4900  95  120.395503  0.694231 1.171839 1.019508
5000  65  96.752812  0.669381 1.196928 1.019508
5100  50  77.793357  0.644234 1.224170 1.019508
5200  43  62.574581  0.618862 1.253680 1.019508
5300  34  50.347985  0.593336 1.285586 1.019508
5400  29  40.518022  0.567727 1.320032 1.019508
5500  22  32.609981  0.542104 1.357179 1.019508
5600  18  26.244844  0.516538 1.397207 1.019508
5700  18  21.119525  0.491097 1.440320 1.019508
5800  15  16.991318  0.465848 1.486747 1.019508
5900  14  13.665614  0.440857 1.536750 1.019508
6000  8  10.986188  0.416187 1.590629 1.019508
6100  8  8.827494  0.391898 1.648728 1.019508
6200  7  7.088543  0.368048 1.711443 1.019508
6300  7  5.688035  0.344690 1.779238 1.019508
6400  6  4.560469  0.321873 1.852655 1.019508
6500  6  3.653042  0.299640 1.932331 1.019508
6600  3  2.923162  0.278030 2.019028 1.019508
6700  3  2.336464  0.257071 2.113653 1.019508
6800  3  1.865206  0.236785 2.217303 1.019508
6900  3  1.486995  0.217183 2.331310 1.019508
7000  0  1.183746  0.198265 2.457303 1.019508
7100  0  0.940861  0.180016 2.597295 1.019508
7200  0  0.746550  0.162403 2.753782 1.019508
7300  0  0.591299  0.145375 2.929892 1.019508
7400  0  0.467430  0.128852 3.129563 1.019508
7500  0  0.368749  0.112723 3.357792 1.019508
7600  0  0.290263  0.096838 3.620962 1.019508
7700  0  0.227951  0.080994 3.923413 1.019508
7800  0  0.178573  0.064921 4.264281 1.019508
7900  0  0.139524  0.050984 4.650891 1.019508
8000  0  0.108712  0.039371 5.090707 1.019508
8100  0  0.084454  0.029866 5.592622 1.019508
8200  0  0.065405  0.022232 6.167270 1.019508
8300  0  0.050486  0.016222 6.827408 1.019508
8400  0  0.038833  0.011588 7.588396 1.019508
8500  0  0.029760  0.008094 8.468790 1.019508
8600  0  0.022718  0.005520 9.491082 1.019508
8700  0  0.017270  0.003671 10.682638 1.019508
8800  0  0.013071  0.002377 12.076860 1.019508
8900  0  0.009847  0.001496 13.714655 1.019508
9000  0  0.007382  0.000913 15.646285 1.019508
9100  0  0.005504  0.000540 17.933687 1.019508
9200  0  0.004082  0.000308 20.653405 1.019508
9300  0  0.003009  0.000170 23.900257 1.019508
9400  0  0.002204  0.000090 27.791940 1.019508
9500  0  0.001603  0.000046 32.474747 1.019508
9600  0  0.001158  0.000022 38.130633 1.019508
9700  0  0.000830  0.000010 44.985819 1.019508
9800  0  0.000589  0.000005 53.321079 1.019508
9900  0  0.000415  0.000002 63.483702 1.019508
