STMin::Observed_Data::Expected_Bkg::Shape_Unc_down::Shap_Unc_up::Norm_Unc
2500  24975  29559.390259  0.909747 1.019926 1.039104
2600  18765  21443.072915  0.919453 1.026091 1.039104
2700  14134  15640.712681  0.926264 1.033344 1.039104
2800  10663  11466.643535  0.932509 1.037906 1.039104
2900  8121  8446.484242  0.938905 1.043091 1.039104
3000  6256  6249.426707  0.944576 1.051780 1.039104
3100  4778  4643.085014  0.948501 1.065963 1.039104
3200  3639  3463.095664  0.949893 1.084604 1.039104
3300  2708  2592.465101  0.948956 1.109085 1.039104
3400  2096  1947.421499  0.944795 1.141460 1.039104
3500  1670  1467.646584  0.940880 1.184392 1.039104
3600  1308  1109.482214  0.938713 1.238094 1.039104
3700  1005  841.173508  0.937777 1.304676 1.039104
3800  778  639.516614  0.937229 1.385211 1.039104
3900  588  487.482114  0.935831 1.483702 1.039104
4000  442  372.520562  0.931857 1.605249 1.039104
4100  329  285.347896  0.922959 1.756428 1.039104
4200  265  219.070442  0.907938 1.945521 1.039104
4300  213  168.551542  0.891306 2.182081 1.039104
4400  173  129.951018  0.873241 2.479044 1.039104
4500  127  100.388875  0.853751 2.849066 1.039104
4600  98  77.698725  0.832856 3.311010 1.039104
4700  78  60.246298  0.810587 3.888777 1.039104
4800  67  46.795368  0.786989 4.612545 1.039104
4900  53  36.408369  0.762120 5.520393 1.039104
5000  34  28.372464  0.736052 6.660332 1.039104
5100  28  22.144383  0.708871 8.092854 1.039104
5200  21  17.309144  0.680673 9.888313 1.039104
5300  16  13.549063  0.651569 12.124972 1.039104
5400  12  10.620429  0.621678 14.913465 1.039104
5500  12  8.335904  0.591131 18.389630 1.039104
5600  11  6.551202  0.560066 22.722410 1.039104
5700  11  5.154989  0.528627 28.121770 1.039104
5800  11  4.061204  0.496960 34.848490 1.039104
5900  10  3.203205  0.465213 43.226224 1.039104
6000  4  2.529306  0.433531 53.656379 1.039104
6100  4  1.999350  0.402055 66.636429 1.039104
6200  4  1.582093  0.370914 82.782457 1.039104
6300  4  1.253190  0.340224 102.856850 1.039104
6400  3  0.993642  0.310084 127.802329 1.039104
6500  3  0.788601  0.280569 158.783686 1.039104
6600  3  0.626451  0.251727 197.238944 1.039104
6700  3  0.498090  0.223568 244.941998 1.039104
6800  3  0.396375  0.196065 304.079223 1.039104
6900  3  0.315698  0.169142 377.343055 1.039104
7000  0  0.251648  0.142663 468.046176 1.039104
7100  0  0.200752  0.117347 580.260659 1.039104
7200  0  0.160274  0.095279 718.987287 1.039104
7300  0  0.128053  0.076209 890.361321 1.039104
7400  0  0.102384  0.059998 1101.902165 1.039104
7500  0  0.081917  0.046453 1362.815816 1.039104
7600  0  0.065587  0.035337 1684.360635 1.039104
7700  0  0.052546  0.026387 2080.288889 1.039104
7800  0  0.042124  0.019321 2567.378731 1.039104
7900  0  0.033790  0.013858 3166.073808 1.039104
8000  0  0.027120  0.009725 3901.250599 1.039104
8100  0  0.021778  0.006670 4803.136797 1.039104
8200  0  0.017497  0.004464 5908.407746 1.039104
8300  0  0.014064  0.002912 7261.491950 1.039104
8400  0  0.011310  0.001849 8916.121152 1.039104
8500  0  0.009098  0.001141 10937.165313 1.039104
8600  0  0.007321  0.000683 13402.798048 1.039104
8700  0  0.005893  0.000396 16407.043670 1.039104
8800  0  0.004744  0.000222 20062.762924 1.039104
8900  0  0.003819  0.000120 24505.140750 1.039104
9000  0  0.003074  0.000063 29895.746119 1.039104
9100  0  0.002474  0.000031 36427.241093 1.039104
9200  0  0.001991  0.000015 44328.824208 1.039104
9300  0  0.001600  0.000007 53872.502236 1.039104
9400  0  0.001286  0.000003 65380.295222 1.039104
9500  0  0.001031  0.000001 79232.493181 1.039104
9600  0  0.000826  0.000000 95877.100543 1.039104
9700  0  0.000660  0.000000 115840.628154 1.039104
9800  0  0.000526  0.000000 139740.424946 1.039104
9900  0  0.000417  0.000000 168298.785579 1.039104
