STMin::Observed_Data::Expected_Bkg::Shape_Unc_down::Shap_Unc_up::Norm_Unc
2500  122838  124454.445346  0.980333 1.007483 1.009203
2600  92566  93439.803603  0.980853 1.008978 1.009203
2700  69943  70598.973371  0.978695 1.011614 1.009203
2800  53271  53652.298636  0.975477 1.014261 1.009203
2900  40678  40992.291620  0.971922 1.015826 1.009203
3000  31249  31474.539068  0.967749 1.016426 1.009203
3100  24039  24277.041154  0.962679 1.016279 1.009203
3200  18479  18804.491143  0.956571 1.015618 1.009203
3300  14257  14622.436291  0.949707 1.014702 1.009203
3400  11085  11411.537549  0.942252 1.013827 1.009203
3500  8700  8935.494698  0.934096 1.013340 1.009203
3600  6804  7018.356960  0.925030 1.013652 1.009203
3700  5363  5528.340843  0.914759 1.015256 1.009203
3800  4224  4366.199875  0.902893 1.017048 1.009203
3900  3339  3456.805155  0.888927 1.019156 1.009203
4000  2640  2743.008626  0.873302 1.021808 1.009203
4100  2093  2181.141349  0.856810 1.025306 1.009203
4200  1626  1737.691081  0.839488 1.030040 1.009203
4300  1267  1386.836105  0.821375 1.036290 1.009203
4400  1023  1108.604716  0.802509 1.043846 1.009203
4500  815  887.494543  0.782929 1.052949 1.009203
4600  650  711.431778  0.762676 1.063033 1.009203
4700  510  570.983015  0.741791 1.074020 1.009203
4800  405  458.755754  0.720318 1.085962 1.009203
4900  320  368.940514  0.698302 1.098941 1.009203
5000  258  296.959737  0.675792 1.113079 1.009203
5100  214  239.197542  0.652835 1.128552 1.009203
5200  170  192.790989  0.629483 1.145609 1.009203
5300  137  155.468296  0.605788 1.164587 1.009203
5400  107  125.423044  0.581804 1.185944 1.009203
5500  84  101.216072  0.557585 1.210290 1.009203
5600  64  81.698731  0.533185 1.237864 1.009203
5700  47  65.952695  0.508659 1.267962 1.009203
5800  42  53.242621  0.484058 1.300943 1.009203
5900  38  42.978832  0.459433 1.337068 1.009203
6000  31  34.687822  0.434829 1.376624 1.009203
6100  24  27.988899  0.410287 1.419935 1.009203
6200  19  22.575642  0.385840 1.467364 1.009203
6300  16  18.201159  0.361511 1.519321 1.009203
6400  13  14.666333  0.337312 1.576269 1.009203
6500  11  11.810446  0.313236 1.638730 1.009203
6600  11  9.503674  0.289259 1.707297 1.009203
6700  8  7.641084  0.265328 1.782646 1.009203
6800  6  6.137814  0.241359 1.865545 1.009203
6900  6  4.925204  0.217226 1.956874 1.009203
7000  5  3.947679  0.192751 2.057640 1.009203
7100  4  3.160248  0.167689 2.168999 1.009203
7200  4  2.526477  0.142627 2.292287 1.009203
7300  4  2.016864  0.119947 2.429045 1.009203
7400  4  1.607516  0.099628 2.581060 1.009203
7500  4  1.279088  0.081671 2.750411 1.009203
7600  4  1.015920  0.066027 2.939526 1.009203
7700  3  0.805336  0.052601 3.151245 1.009203
7800  1  0.637084  0.041259 3.388907 1.009203
7900  1  0.502874  0.031835 3.656453 1.009203
8000  0  0.396006  0.024141 3.958546 1.009203
8100  0  0.311071  0.017972 4.300733 1.009203
8200  0  0.243706  0.013122 4.689636 1.009203
8300  0  0.190392  0.009385 5.133199 1.009203
8400  0  0.148297  0.006567 5.640989 1.009203
8500  0  0.115143  0.004491 6.224589 1.009203
8600  0  0.089100  0.002996 6.898091 1.009203
8700  0  0.068702  0.001948 7.678728 1.009203
8800  0  0.052773  0.001232 8.587689 1.009203
8900  0  0.040375  0.000757 9.651176 1.009203
