STMin::Observed_Data::Expected_Bkg::Shape_Unc_down::Shap_Unc_up::Norm_Unc
2500  6988  10812.087819  0.892266 1.007774 1.087807
2600  5331  7838.086655  0.903280 1.009987 1.087807
2700  4086  5720.304660  0.912398 1.013391 1.087807
2800  3106  4200.326301  0.922847 1.016576 1.087807
2900  2415  3101.514875  0.933578 1.018979 1.087807
3000  1835  2301.898963  0.943313 1.020900 1.087807
3100  1393  1716.461721  0.950803 1.022750 1.087807
3200  1068  1285.429272  0.955357 1.025032 1.087807
3300  834  966.437583  0.958383 1.028368 1.087807
3400  617  729.237809  0.959561 1.033538 1.087807
3500  482  552.082168  0.958474 1.041521 1.087807
3600  375  419.234282  0.954730 1.051777 1.087807
3700  278  319.239405  0.947495 1.060411 1.087807
3800  212  243.713003  0.935671 1.068045 1.087807
3900  166  186.485972  0.921761 1.075383 1.087807
4000  134  142.997279  0.906702 1.083462 1.087807
4100  102  109.859556  0.890458 1.093715 1.087807
4200  74  84.546487  0.872967 1.108062 1.087807
4300  58  65.166511  0.854130 1.126520 1.087807
4400  46  50.298144  0.833802 1.147527 1.087807
4500  35  38.869492  0.811781 1.170422 1.087807
4600  28  30.069702  0.787790 1.195390 1.087807
4700  25  23.283561  0.761455 1.222632 1.087807
4800  18  18.043001  0.732281 1.252367 1.087807
4900  17  13.990993  0.699617 1.284835 1.087807
5000  12  10.854549  0.662608 1.320300 1.087807
5100  10  8.424485  0.620135 1.359055 1.087807
5200  5  6.540178  0.576040 1.401427 1.087807
5300  3  5.078061  0.532163 1.447778 1.087807
5400  2  3.942910  0.488920 1.498516 1.087807
5500  2  3.061230  0.446692 1.554097 1.087807
5600  2  2.376214  0.405819 1.615037 1.087807
5700  2  1.843894  0.366595 1.681916 1.087807
5800  1  1.430207  0.329264 1.755395 1.087807
5900  1  1.108728  0.294023 1.836221 1.087807
6000  1  0.858947  0.261018 1.925248 1.087807
6100  1  0.664928  0.230348 2.023452 1.087807
6200  0  0.514281  0.202065 2.131948 1.087807
6300  0  0.397371  0.176181 2.252021 1.087807
6400  0  0.306698  0.152672 2.385150 1.087807
6500  0  0.236426  0.131479 2.533045 1.087807
6600  0  0.182011  0.112514 2.697687 1.087807
6700  0  0.139916  0.095671 2.881381 1.087807
6800  0  0.107388  0.080821 3.086816 1.087807
6900  0  0.082281  0.067828 3.317140 1.087807
7000  0  0.062929  0.056542 3.576050 1.087807
7100  0  0.048035  0.046813 3.867903 1.087807
7200  0  0.036589  0.038489 4.197855 1.087807
7300  0  0.027808  0.031422 4.572026 1.087807
7400  0  0.021085  0.025468 4.997715 1.087807
7500  0  0.015947  0.020490 5.483658 1.087807
7600  0  0.012028  0.016361 6.040356 1.087807
7700  0  0.009047  0.012964 6.680488 1.087807
7800  0  0.006785  0.010191 7.419432 1.087807
7900  0  0.005072  0.007946 8.275929 1.087807
8000  0  0.003778  0.006145 9.272928 1.087807
8100  0  0.002805  0.004711 10.438679 1.087807
8200  0  0.002075  0.003581 11.808142 1.087807
8300  0  0.001528  0.002697 13.424819 1.087807
8400  0  0.001121  0.002012 15.343161 1.087807
8500  0  0.000819  0.001487 17.631730 1.087807
8600  0  0.000595  0.001087 20.377410 1.087807
8700  0  0.000431  0.000787 23.691026 1.087807
8800  0  0.000310  0.000563 27.714922 1.087807
8900  0  0.000222  0.000398 32.633251 1.087807
