STMin::Observed_Data::Expected_Bkg::Shape_Unc_down::Shap_Unc_up::Norm_Unc
2500  122838  122641.103364  0.989008 1.007383 1.007348
2600  92566  92080.500502  0.988765 1.008991 1.007348
2700  69943  69566.164091  0.985859 1.011240 1.007348
2800  53271  52853.594316  0.982292 1.013347 1.007348
2900  40678  40361.912693  0.978227 1.014961 1.007348
3000  31249  30966.184994  0.973435 1.016327 1.007348
3100  24039  23858.354840  0.967757 1.017835 1.007348
3200  18479  18452.936581  0.961861 1.019916 1.007348
3300  14257  14322.310332  0.955830 1.023064 1.007348
3400  11085  11151.844758  0.949426 1.027853 1.007348
3500  8700  8708.457886  0.942239 1.034063 1.007348
3600  6804  6818.385687  0.933672 1.041892 1.007348
3700  5363  5351.324564  0.922904 1.052001 1.007348
3800  4224  4209.028291  0.911074 1.065250 1.007348
3900  3339  3317.045826  0.898634 1.082744 1.007348
4000  2640  2618.692371  0.885609 1.104453 1.007348
4100  2093  2070.620756  0.872017 1.130497 1.007348
4200  1626  1639.548111  0.857873 1.161619 1.007348
4300  1267  1299.822290  0.843189 1.198752 1.007348
4400  1023  1031.602684  0.827973 1.240955 1.007348
4500  815  819.493319  0.812234 1.288568 1.007348
4600  650  651.510789  0.795975 1.342069 1.007348
4700  510  518.301484  0.779202 1.402003 1.007348
4800  405  412.545326  0.761918 1.468983 1.007348
4900  320  328.499759  0.744124 1.543707 1.007348
5000  258  261.649671  0.725824 1.626966 1.007348
5100  214  208.437687  0.707015 1.719654 1.007348
5200  170  166.055680  0.687697 1.822790 1.007348
5300  137  132.283095  0.667865 1.937530 1.007348
5400  107  105.361209  0.647510 2.065187 1.007348
5500  84  83.895066  0.626620 2.207258 1.007348
5600  64  66.776782  0.605173 2.365446 1.007348
5700  47  53.125445  0.583139 2.541693 1.007348
5800  42  42.239880  0.560472 2.738218 1.007348
5900  38  33.561469  0.537110 2.957556 1.007348
6000  31  26.644814  0.512965 3.202611 1.007348
6100  24  21.134553  0.487917 3.476708 1.007348
6200  19  16.747002  0.462222 3.783669 1.007348
6300  16  13.255601  0.436864 4.127887 1.007348
6400  13  10.479350  0.411829 4.514420 1.007348
6500  11  8.273618  0.387157 4.949108 1.007348
6600  11  6.522824  0.362877 5.438696 1.007348
6700  8  5.134606  0.338998 5.990997 1.007348
6800  6  4.035160  0.315512 6.615073 1.007348
6900  6  3.165532  0.292387 7.321459 1.007348
7000  5  2.478640  0.269558 8.122422 1.007348
7100  4  1.936905  0.246924 9.032281 1.007348
7200  4  1.510347  0.224335 10.067781 1.007348
7300  4  1.175067  0.201577 11.248551 1.007348
7400  4  0.912028  0.178355 12.597651 1.007348
7500  4  0.706077  0.154264 14.142238 1.007348
7600  4  0.545171  0.128757 15.914369 1.007348
7700  3  0.419743  0.105713 17.951982 1.007348
7800  1  0.322209  0.085529 20.300094 1.007348
7900  1  0.246560  0.068132 23.012268 1.007348
8000  0  0.188046  0.053386 26.152409 1.007348
8100  0  0.142917  0.041108 29.796996 1.007348
8200  0  0.108218  0.031074 34.037829 1.007348
8300  0  0.081625  0.023033 38.985452 1.007348
8400  0  0.061314  0.016721 44.773432 1.007348
8500  0  0.045858  0.011874 51.563718 1.007348
8600  0  0.034142  0.008237 59.553397 1.007348
8700  0  0.025297  0.005574 68.983258 1.007348
8800  0  0.018648  0.003674 80.148688 1.007348
8900  0  0.013673  0.002354 93.413644 1.007348
