STMin::Observed_Data::Expected_Bkg::Shape_Unc_down::Shap_Unc_up::Norm_Unc
2500  353  110.384223  0.961395 1.011347 2.000643
2600  288  82.985317  0.965685 1.013941 2.000643
2700  235  62.785829  0.966488 1.017980 2.000643
2800  191  47.780828  0.965628 1.021923 2.000643
2900  148  36.556665  0.964421 1.024268 2.000643
3000  117  28.106707  0.962582 1.025075 2.000643
3100  99  21.707569  0.959814 1.024683 2.000643
3200  77  16.834994  0.955901 1.023462 2.000643
3300  65  13.106041  0.950987 1.021827 2.000643
3400  60  10.238939  0.945276 1.020253 2.000643
3500  44  8.024938  0.938598 1.019289 2.000643
3600  38  6.308402  0.930658 1.019581 2.000643
3700  24  4.972604  0.921050 1.021900 2.000643
3800  17  3.929509  0.909240 1.025723 2.000643
3900  7  3.112376  0.894541 1.030266 2.000643
4000  2  2.470361  0.878230 1.035819 2.000643
4100  1  1.964554  0.860908 1.042756 2.000643
4200  0  1.565047  0.842636 1.051561 2.000643
4300  0  1.248762  0.823471 1.062548 2.000643
4400  0  0.997824  0.803467 1.075580 2.000643
4500  0  0.798336  0.782676 1.091074 2.000643
4600  0  0.639461  0.761148 1.108520 2.000643
4700  0  0.512721  0.738930 1.127748 2.000643
4800  0  0.411462  0.716066 1.148846 2.000643
4900  0  0.330451  0.692593 1.171900 2.000643
5000  0  0.265559  0.668549 1.197004 2.000643
5100  0  0.213520  0.643961 1.224264 2.000643
5200  0  0.171749  0.618850 1.253796 2.000643
5300  0  0.138191  0.593324 1.285729 2.000643
5400  0  0.111210  0.567712 1.320210 2.000643
5500  0  0.089505  0.542086 1.357399 2.000643
5600  0  0.072035  0.516516 1.397479 2.000643
5700  0  0.057967  0.491070 1.440657 2.000643
5800  0  0.046636  0.465815 1.487166 2.000643
5900  0  0.037508  0.440816 1.537270 2.000643
6000  0  0.030154  0.416135 1.591275 2.000643
6100  0  0.024229  0.391834 1.649531 2.000643
6200  0  0.019456  0.367968 1.712443 2.000643
6300  0  0.015612  0.344591 1.780483 2.000643
6400  0  0.012517  0.321749 1.854206 2.000643
6500  0  0.010027  0.299486 1.934267 2.000643
6600  0  0.008023  0.277838 2.021446 2.000643
6700  0  0.006413  0.256831 2.116677 2.000643
6800  0  0.005119  0.236484 2.221090 2.000643
6900  0  0.004081  0.216806 2.336059 2.000643
7000  0  0.003249  0.197792 2.463267 2.000643
7100  0  0.002582  0.179421 2.604797 2.000643
7200  0  0.002049  0.161653 2.763235 2.000643
7300  0  0.001623  0.144428 2.941824 2.000643
7400  0  0.001283  0.127654 3.144653 2.000643
7500  0  0.001012  0.111206 3.376917 2.000643
7600  0  0.000797  0.094911 3.645253 2.000643
7700  0  0.000626  0.078540 3.954337 2.000643
7800  0  0.000490  0.062617 4.303748 2.000643
7900  0  0.000383  0.049175 4.701391 2.000643
8000  0  0.000298  0.037974 5.155503 2.000643
8100  0  0.000232  0.028806 5.676003 2.000643
8200  0  0.000180  0.021442 6.274897 2.000643
8300  0  0.000139  0.015645 6.966785 2.000643
8400  0  0.000107  0.011176 7.769509 2.000643
8500  0  0.000082  0.007806 8.704990 2.000643
8600  0  0.000062  0.005324 9.800307 2.000643
8700  0  0.000047  0.003540 11.089101 2.000643
8800  0  0.000036  0.002292 12.613419 2.000643
8900  0  0.000027  0.001442 14.426137 2.000643
