STMin::Observed_Data::Expected_Bkg::Shape_Unc_down::Shap_Unc_up::Norm_Unc
2500  3759  6382.730587  0.750071 1.017393 1.152282
2600  2927  4630.182023  0.759235 1.022599 1.152282
2700  2233  3377.283982  0.766443 1.028557 1.152282
2800  1705  2475.981263  0.773744 1.031378 1.152282
2900  1299  1823.841184  0.781907 1.034229 1.152282
3000  1034  1349.432673  0.790449 1.039803 1.152282
3100  829  1002.576862  0.798841 1.049842 1.152282
3200  638  747.782902  0.806836 1.062991 1.152282
3300  486  559.788485  0.815124 1.080213 1.152282
3400  415  420.504843  0.823639 1.103024 1.152282
3500  344  316.907509  0.832012 1.133392 1.152282
3600  284  239.569423  0.839690 1.173346 1.152282
3700  205  181.633783  0.845893 1.224777 1.152282
3800  166  138.090205  0.849563 1.291455 1.152282
3900  121  105.261542  0.849284 1.378086 1.152282
4000  92  80.438005  0.846767 1.490745 1.152282
4100  80  61.614896  0.842690 1.636877 1.152282
4200  65  47.303669  0.836987 1.825253 1.152282
4300  54  36.395172  0.829596 2.067653 1.152282
4400  44  28.060198  0.820459 2.375359 1.152282
4500  31  21.676873  0.809523 2.758582 1.152282
4600  23  16.777411  0.796736 3.236556 1.152282
4700  23  13.008925  0.782052 3.832459 1.152282
4800  20  10.104479  0.765424 4.575266 1.152282
4900  14  7.861624  0.746806 5.501179 1.152282
5000  6  6.126439  0.726148 6.655401 1.152282
5100  5  4.781615  0.703391 8.094332 1.152282
5200  2  3.737547  0.678462 9.888304 1.152282
5300  1  2.925636  0.651266 12.124961 1.152282
5400  1  2.293259  0.621678 14.913451 1.152282
5500  1  1.799964  0.591131 18.389614 1.152282
5600  1  1.414595  0.560066 22.722389 1.152282
5700  1  1.113112  0.528627 28.121745 1.152282
5800  1  0.876932  0.496960 34.848458 1.152282
5900  0  0.691665  0.465213 43.226185 1.152282
6000  0  0.546151  0.433531 53.656330 1.152282
6100  0  0.431718  0.402055 66.636369 1.152282
6200  0  0.341620  0.370914 82.782382 1.152282
6300  0  0.270600  0.340224 102.856757 1.152282
6400  0  0.214556  0.310084 127.802213 1.152282
6500  0  0.170282  0.280570 158.783542 1.152282
6600  0  0.135269  0.251727 197.238765 1.152282
6700  0  0.107552  0.223568 244.941776 1.152282
6800  0  0.085589  0.196066 304.078947 1.152282
6900  0  0.068168  0.169142 377.342712 1.152282
7000  0  0.054338  0.142664 468.045752 1.152282
7100  0  0.043348  0.117348 580.260133 1.152282
7200  0  0.034608  0.095280 718.986635 1.152282
7300  0  0.027650  0.076209 890.360514 1.152282
7400  0  0.022108  0.059998 1101.901166 1.152282
7500  0  0.017688  0.046453 1362.814580 1.152282
7600  0  0.014162  0.035338 1684.359107 1.152282
7700  0  0.011346  0.026387 2080.287002 1.152282
7800  0  0.009096  0.019321 2567.376401 1.152282
7900  0  0.007296  0.013858 3166.070935 1.152282
8000  0  0.005856  0.009725 3901.247059 1.152282
8100  0  0.004702  0.006670 4803.132439 1.152282
8200  0  0.003778  0.004464 5908.402386 1.152282
8300  0  0.003037  0.002912 7261.485362 1.152282
8400  0  0.002442  0.001849 8916.113063 1.152282
8500  0  0.001965  0.001141 10937.155390 1.152282
8600  0  0.001581  0.000683 13402.785888 1.152282
8700  0  0.001272  0.000396 16407.028785 1.152282
8800  0  0.001024  0.000222 20062.744722 1.152282
8900  0  0.000825  0.000120 24505.118518 1.152282
9000  0  0.000664  0.000063 29895.718995 1.152282
9100  0  0.000534  0.000031 36427.208044 1.152282
9200  0  0.000430  0.000015 44328.783990 1.152282
9300  0  0.000346  0.000007 53872.453360 1.152282
9400  0  0.000278  0.000003 65380.235905 1.152282
9500  0  0.000223  0.000001 79232.421296 1.152282
9600  0  0.000178  0.000000 95877.013558 1.152282
9700  0  0.000143  0.000000 115840.523056 1.152282
9800  0  0.000114  0.000000 139740.298165 1.152282
9900  0  0.000090  0.000000 168298.632887 1.152282
