STMin::Observed_Data::Expected_Bkg::Shape_Unc_down::Shap_Unc_up::Norm_Unc
2500  163  167.347380  0.959573 1.015511 2.013794
2600  132  120.962562  0.971409 1.020573 2.013794
2700  107  88.085642  0.979113 1.027300 2.013794
2800  88  64.583921  0.984205 1.033636 2.013794
2900  67  47.651588  0.986556 1.041586 2.013794
3000  53  35.363452  0.985222 1.050851 2.013794
3100  43  26.385540  0.980251 1.061320 2.013794
3200  33  19.785084  0.974352 1.070925 2.013794
3300  27  14.904300  0.968501 1.080038 2.013794
3400  25  11.275639  0.962902 1.089142 2.013794
3500  19  8.564305  0.957411 1.098843 2.013794
3600  16  6.528900  0.951706 1.109689 2.013794
3700  11  4.994241  0.945274 1.120651 2.013794
3800  8  3.832420  0.937373 1.131983 2.013794
3900  4  2.949515  0.926990 1.144113 2.013794
4000  2  2.276187  0.912784 1.157610 2.013794
4100  1  1.760990  0.897284 1.173222 2.013794
4200  0  1.365571  0.880815 1.191922 2.013794
4300  0  1.061211  0.863409 1.213671 2.013794
4400  0  0.826314  0.845099 1.239448 2.013794
4500  0  0.644575  0.825917 1.269338 2.013794
4600  0  0.503639  0.805900 1.303908 2.013794
4700  0  0.394111  0.785088 1.344250 2.013794
4800  0  0.308823  0.763521 1.391757 2.013794
4900  0  0.242289  0.741246 1.448211 2.013794
5000  0  0.190297  0.718311 1.515893 2.013794
5100  0  0.149607  0.694768 1.597720 2.013794
5200  0  0.117717  0.670672 1.689781 2.013794
5300  0  0.092692  0.646083 1.792296 2.013794
5400  0  0.073031  0.621061 1.906386 2.013794
5500  0  0.057569  0.595672 2.033318 2.013794
5600  0  0.045398  0.569981 2.174528 2.013794
5700  0  0.035810  0.544057 2.331639 2.013794
5800  0  0.028252  0.517965 2.506490 2.013794
5900  0  0.022290  0.491774 2.701166 2.013794
6000  0  0.017586  0.465548 2.918032 2.013794
6100  0  0.013872  0.439347 3.159769 2.013794
6200  0  0.010940  0.413224 3.429427 2.013794
6300  0  0.008624  0.387226 3.730470 2.013794
6400  0  0.006796  0.361386 4.066842 2.013794
6500  0  0.005352  0.335721 4.443034 2.013794
6600  0  0.004212  0.310227 4.864169 2.013794
6700  0  0.003312  0.284874 5.336092 2.013794
6800  0  0.002602  0.259596 5.865486 2.013794
6900  0  0.002043  0.234283 6.459992 2.013794
7000  0  0.001601  0.208766 7.128367 2.013794
7100  0  0.001254  0.182803 7.880648 2.013794
7200  0  0.000981  0.156053 8.728362 2.013794
7300  0  0.000766  0.129300 9.684760 2.013794
7400  0  0.000597  0.105696 10.765097 2.013794
7500  0  0.000465  0.085111 11.986958 2.013794
7600  0  0.000361  0.067453 13.370639 2.013794
7700  0  0.000280  0.052565 14.939604 2.013794
7800  0  0.000216  0.040238 16.721019 2.013794
7900  0  0.000167  0.030227 18.746379 2.013794
8000  0  0.000129  0.022257 21.052265 2.013794
8100  0  0.000099  0.016045 23.681225 2.013794
8200  0  0.000076  0.011311 26.682844 2.013794
8300  0  0.000058  0.007787 30.115001 2.013794
8400  0  0.000044  0.005227 34.045388 2.013794
8500  0  0.000033  0.003417 38.553330 2.013794
8600  0  0.000025  0.002171 43.731970 2.013794
8700  0  0.000019  0.001339 49.690920 2.013794
8800  0  0.000014  0.000800 56.559462 2.013794
8900  0  0.000011  0.000462 64.490460 2.013794
