STMin::Observed_Data::Expected_Bkg::Shape_Unc_down::Shap_Unc_up::Norm_Unc
2500  46046  46925.459497  0.981785 1.010155 1.011266
2600  34962  35271.587386  0.983034 1.011208 1.011266
2700  26659  26674.981228  0.981782 1.014565 1.011266
2800  20401  20285.613672  0.979876 1.017866 1.011266
2900  15745  15504.108630  0.977564 1.020890 1.011266
3000  12134  11903.461963  0.974526 1.024098 1.011266
3100  9326  9176.583712  0.970488 1.027995 1.011266
3200  7245  7100.696041  0.965924 1.033152 1.011266
3300  5584  5512.886085  0.960754 1.039780 1.011266
3400  4391  4293.135405  0.954556 1.047046 1.011266
3500  3446  3352.420140  0.946702 1.055543 1.011266
3600  2669  2624.288202  0.936320 1.066192 1.011266
3700  2100  2058.845221  0.922248 1.080263 1.011266
3800  1661  1618.425294  0.905713 1.099444 1.011266
3900  1297  1274.450710  0.886397 1.125202 1.011266
4000  1005  1005.137865  0.863729 1.155713 1.011266
4100  789  793.810137  0.836976 1.190661 1.011266
4200  614  627.649370  0.805897 1.230421 1.011266
4300  479  496.766516  0.772546 1.275409 1.011266
4400  378  393.506032  0.737372 1.326094 1.011266
4500  299  311.922570  0.700714 1.383007 1.011266
4600  236  247.385347  0.662927 1.446749 1.011266
4700  183  196.277707  0.624371 1.517999 1.011266
4800  148  155.767982  0.585401 1.597531 1.011266
4900  122  123.634032  0.546367 1.686223 1.011266
5000  94  98.128388  0.507599 1.785076 1.011266
5100  74  77.874235  0.469408 1.895226 1.011266
5200  65  61.784912  0.432076 2.017973 1.011266
5300  53  49.001421  0.395857 2.154797 1.011266
5400  41  38.843786  0.360973 2.307391 1.011266
5500  31  30.773067  0.327609 2.477693 1.011266
5600  24  24.361649  0.295917 2.667922 1.011266
5700  20  19.269921  0.266015 2.880624 1.011266
5800  16  15.227951  0.237985 3.118726 1.011266
5900  13  12.021047  0.211879 3.385598 1.011266
6000  11  9.478363  0.187718 3.685123 1.011266
6100  9  7.463892  0.165496 4.021790 1.011266
6200  6  5.869333  0.145183 4.400790 1.011266
6300  6  4.608434  0.126729 4.828144 1.011266
6400  4  3.612505  0.110063 5.310848 1.011266
6500  4  2.826848  0.095103 5.857044 1.011266
6600  3  2.207918  0.081755 6.476233 1.011266
6700  3  1.721061  0.069916 7.179521 1.011266
6800  3  1.338714  0.059477 7.979924 1.011266
6900  3  1.038965  0.050328 8.892731 1.011266
7000  1  0.804412  0.042356 9.935944 1.011266
7100  1  0.621242  0.035452 11.130811 1.011266
7200  1  0.478504  0.029509 12.502477 1.011266
7300  1  0.367528  0.024423 14.080782 1.011266
7400  1  0.281454  0.020098 15.901230 1.011266
7500  1  0.214867  0.016442 18.006190 1.011266
7600  1  0.163496  0.013371 20.446371 1.011266
7700  1  0.123977  0.010808 23.282656 1.011266
7800  1  0.093670  0.008682 26.588377 1.011266
7900  1  0.070501  0.006929 30.452158 1.011266
8000  1  0.052850  0.005495 34.981487 1.011266
8100  1  0.039451  0.004328 40.307205 1.011266
8200  0  0.029318  0.003386 46.589207 1.011266
8300  0  0.021687  0.002630 54.023689 1.011266
8400  0  0.015963  0.002028 62.852431 1.011266
8500  0  0.011689  0.001553 73.374753 1.011266
8600  0  0.008513  0.001179 85.963020 1.011266
8700  0  0.006164  0.000889 101.082876 1.011266
8800  0  0.004437  0.000664 119.319871 1.011266
8900  0  0.003173  0.000492 141.414766 1.011266
