STMin::Observed_Data::Expected_Bkg::Shape_Unc_down::Shap_Unc_up::Norm_Unc
2500  69164  69394.627625  0.976896 1.033497 1.019171
2600  51099  50340.485614  0.983203 1.044797 1.019171
2700  38200  36718.667835  0.984880 1.058990 1.019171
2800  28488  26919.481465  0.983967 1.072886 1.019171
2900  21525  19829.253026  0.980602 1.090577 1.019171
3000  16355  14671.366203  0.975171 1.113216 1.019171
3100  12382  10900.263935  0.967610 1.137141 1.019171
3200  9386  8130.080896  0.958499 1.164006 1.019171
3300  7018  6086.159041  0.950686 1.195026 1.019171
3400  5384  4571.832795  0.944798 1.231791 1.019171
3500  4154  3445.496923  0.940883 1.276376 1.019171
3600  3187  2604.658095  0.938715 1.331474 1.019171
3700  2484  1974.767472  0.937779 1.399569 1.019171
3800  1966  1501.350904  0.937231 1.481537 1.019171
3900  1512  1144.429554  0.935832 1.581351 1.019171
4000  1127  874.541913  0.931857 1.704072 1.019171
4100  868  669.892404  0.922958 1.856232 1.019171
4200  677  514.297204  0.907937 2.046046 1.019171
4300  536  395.697319  0.891305 2.282892 1.019171
4400  427  305.077419  0.873240 2.579558 1.019171
4500  348  235.676330  0.853750 2.948180 1.019171
4600  259  182.408164  0.832855 3.407204 1.019171
4700  206  141.436252  0.810586 3.979997 1.019171
4800  157  109.858394  0.786988 4.696057 1.019171
4900  123  85.473524  0.762119 5.592591 1.019171
5000  94  66.608159  0.736051 6.716504 1.019171
5100  73  51.986904  0.708870 8.126878 1.019171
5200  56  40.635534  0.680672 9.898084 1.019171
5300  35  31.808240  0.651568 12.123667 1.019171
5400  26  24.932881  0.621677 14.913524 1.019171
5500  23  19.569652  0.591130 18.389703 1.019171
5600  19  15.379824  0.560065 22.722499 1.019171
5700  15  12.102027  0.528626 28.121881 1.019171
5800  15  9.534219  0.496959 34.848628 1.019171
5900  11  7.519954  0.465212 43.226395 1.019171
6000  5  5.937884  0.433531 53.656591 1.019171
6100  5  4.693741  0.402054 66.636693 1.019171
6200  5  3.714176  0.370913 82.782784 1.019171
6300  5  2.942032  0.340224 102.857257 1.019171
6400  3  2.332707  0.310084 127.802835 1.019171
6500  3  1.851347  0.280569 158.784313 1.019171
6600  3  1.470679  0.251726 197.239723 1.019171
6700  3  1.169332  0.223568 244.942967 1.019171
6800  3  0.930543  0.196065 304.080425 1.019171
6900  3  0.741143  0.169142 377.344547 1.019171
7000  0  0.590777  0.142663 468.048027 1.019171
7100  0  0.471293  0.117348 580.262953 1.019171
7200  0  0.376265  0.095280 718.990130 1.019171
7300  0  0.300622  0.076209 890.364841 1.019171
7400  0  0.240360  0.059998 1101.906521 1.019171
7500  0  0.192312  0.046453 1362.821203 1.019171
7600  0  0.153973  0.035337 1684.367294 1.019171
7700  0  0.123358  0.026387 2080.297113 1.019171
7800  0  0.098892  0.019321 2567.388880 1.019171
7900  0  0.079326  0.013858 3166.086324 1.019171
8000  0  0.063667  0.009725 3901.266021 1.019171
8100  0  0.051127  0.006670 4803.155785 1.019171
8200  0  0.041077  0.004464 5908.431103 1.019171
8300  0  0.033018  0.002912 7261.520656 1.019171
8400  0  0.026552  0.001849 8916.156399 1.019171
8500  0  0.021359  0.001141 10937.208550 1.019171
8600  0  0.017188  0.000683 13402.851031 1.019171
8700  0  0.013834  0.000396 16407.108530 1.019171
8800  0  0.011137  0.000222 20062.842235 1.019171
8900  0  0.008966  0.000120 24505.237623 1.019171
9000  0  0.007217  0.000063 29895.864301 1.019171
9100  0  0.005809  0.000031 36427.385096 1.019171
9200  0  0.004673  0.000015 44328.999447 1.019171
9300  0  0.003757  0.000007 53872.715202 1.019171
9400  0  0.003018  0.000003 65380.553680 1.019171
9500  0  0.002421  0.000001 79232.806399 1.019171
9600  0  0.001939  0.000000 95877.479561 1.019171
9700  0  0.001550  0.000000 115841.086090 1.019171
9800  0  0.001235  0.000000 139740.977362 1.019171
9900  0  0.000980  0.000000 168299.450890 1.019171
