STMin::Observed_Data::Expected_Bkg::Shape_Unc_down::Shap_Unc_up::Norm_Unc
2500  10651  20660.888726  0.852400 1.088422 1.073421
2600  8072  14987.891828  0.862561 1.120513 1.073421
2700  6138  10932.262876  0.870404 1.162795 1.073421
2800  4685  8014.747417  0.878232 1.214479 1.073421
2900  3585  5903.771025  0.886879 1.282801 1.073421
3000  2784  4368.111433  0.895745 1.375763 1.073421
3100  2209  3245.339731  0.904159 1.502032 1.073421
3200  1690  2420.572088  0.911753 1.669257 1.073421
3300  1285  1812.034463  0.919197 1.890082 1.073421
3400  1013  1361.173537  0.926270 2.181146 1.073421
3500  815  1025.829133  0.932362 2.563953 1.073421
3600  633  775.485871  0.936598 3.065722 1.073421
3700  476  587.948298  0.937777 3.720763 1.073421
3800  385  446.997804  0.937229 4.574493 1.073421
3900  297  340.731476  0.935831 5.685028 1.073421
4000  234  260.377727  0.931857 7.125379 1.073421
4100  177  199.447351  0.922959 8.985401 1.073421
4200  148  153.121933  0.907938 11.384214 1.073421
4300  122  117.811145  0.891306 14.472724 1.073421
4400  93  90.830848  0.873241 18.443745 1.073421
4500  63  70.168035  0.853751 23.538833 1.073421
4600  51  54.308484  0.832856 30.067258 1.073421
4700  46  42.109901  0.810586 38.421151 1.073421
4800  39  32.708214  0.786988 49.097040 1.073421
4900  27  25.448097  0.762119 62.722943 1.073421
5000  16  19.831305  0.736051 80.084002 1.073421
5100  14  15.478113  0.708869 102.174591 1.073421
5200  11  12.098465  0.680671 130.249423 1.073421
5300  10  9.470312  0.651566 165.888086 1.073421
5400  10  7.423309  0.621675 211.077287 1.073421
5500  10  5.826512  0.591128 268.313491 1.073421
5600  10  4.579073  0.560062 340.730923 1.073421
5700  10  3.603174  0.528622 432.261095 1.073421
5800  10  2.838659  0.496954 547.831473 1.073421
5900  9  2.238951  0.465206 693.612725 1.073421
6000  3  1.767921  0.433523 877.326241 1.073421
6100  3  1.397502  0.402046 1108.626347 1.073421
6200  3  1.105856  0.370903 1399.575080 1.073421
6300  3  0.875965  0.340212 1765.231572 1.073421
6400  3  0.694550  0.310070 2224.383265 1.073421
6500  3  0.551235  0.280553 2800.452565 1.073421
6600  3  0.437898  0.251708 3522.620370 1.073421
6700  3  0.348178  0.223547 4427.217577 1.073421
6800  3  0.277083  0.196043 5559.447528 1.073421
6900  3  0.220693  0.169117 6975.516935 1.073421
7000  0  0.175925  0.142637 8745.270756 1.073421
7100  0  0.140351  0.117320 10955.448495 1.073421
7200  0  0.112058  0.095252 13713.706390 1.073421
7300  0  0.089537  0.076181 17153.583102 1.073421
7400  0  0.071595  0.059970 21440.627138 1.073421
7500  0  0.057290  0.046426 26779.954020 1.073421
7600  0  0.045875  0.035312 33425.562240 1.073421
7700  0  0.036760  0.026364 41691.811698 1.073421
7800  0  0.029476  0.019300 51967.559749 1.073421
7900  0  0.023650  0.013839 64733.561809 1.073421
8000  0  0.018988  0.009708 80583.880160 1.073421
8100  0  0.015255  0.006655 100252.211695 1.073421
8200  0  0.012262  0.004452 124644.249367 1.073421
8300  0  0.009863  0.002903 154877.441246 1.073421
8400  0  0.007938  0.001842 192329.815018 1.073421
8500  0  0.006392  0.001135 238699.906422 1.073421
8600  0  0.005150  0.000679 296080.281953 1.073421
8700  0  0.004151  0.000393 367047.696577 1.073421
8800  0  0.003348  0.000220 454773.597483 1.073421
8900  0  0.002702  0.000119 563159.500755 1.073421
