STMin::Observed_Data::Expected_Bkg::Shape_Unc_down::Shap_Unc_up::Norm_Unc
2500  52873  52478.800574  0.981259 1.024636 1.012657
2600  39085  38043.844383  0.988201 1.033248 1.012657
2700  29088  27764.732632  0.991176 1.045264 1.012657
2800  21670  20387.189780  0.993194 1.059982 1.012657
2900  16318  15053.871494  0.992313 1.074724 1.012657
3000  12268  11172.763176  0.990357 1.089073 1.012657
3100  9213  8331.217232  0.987445 1.103432 1.012657
3200  7017  6239.108262  0.983391 1.118282 1.012657
3300  5337  4690.813288  0.978676 1.134213 1.012657
3400  4050  3539.513013  0.973283 1.149043 1.012657
3500  3109  2679.649896  0.966942 1.162071 1.012657
3600  2380  2034.844022  0.959248 1.173293 1.012657
3700  1817  1549.497319  0.949632 1.182923 1.012657
3800  1384  1182.913635  0.937327 1.191439 1.012657
3900  1056  905.149895  0.923926 1.199625 1.012657
4000  799  694.068139  0.909524 1.208636 1.012657
4100  604  533.227056  0.894131 1.220072 1.012657
4200  463  410.364612  0.877740 1.236075 1.012657
4300  367  316.299721  0.860322 1.256666 1.012657
4400  281  244.132891  0.841825 1.280099 1.012657
4500  219  188.661465  0.822163 1.305639 1.012657
4600  167  145.949786  0.801209 1.333492 1.012657
4700  132  113.011785  0.778785 1.363881 1.012657
4800  103  87.575600  0.754645 1.397051 1.012657
4900  83  67.908301  0.728458 1.433270 1.012657
5000  63  52.684896  0.699782 1.472832 1.012657
5100  52  40.890057  0.668032 1.516065 1.012657
5200  37  31.744165  0.632441 1.563332 1.012657
5300  30  24.647462  0.592004 1.615038 1.012657
5400  25  19.137765  0.545407 1.671638 1.012657
5500  20  14.858342  0.498301 1.733640 1.012657
5600  17  11.533466  0.452706 1.801620 1.012657
5700  14  8.949739  0.408950 1.876226 1.012657
5800  9  6.941816  0.367306 1.958193 1.012657
5900  5  5.381452  0.327993 2.048357 1.012657
6000  3  4.169087  0.291175 2.147669 1.012657
6100  3  3.227372  0.256961 2.257218 1.012657
6200  2  2.496175  0.225410 2.378249 1.012657
6300  2  1.928724  0.196537 2.512194 1.012657
6400  2  1.488623  0.170311 2.660703 1.012657
6500  2  1.147543  0.146669 2.825684 1.012657
6600  2  0.883430  0.125514 3.009346 1.012657
6700  1  0.679114  0.106724 3.214262 1.012657
6800  1  0.521229  0.090159 3.443431 1.012657
6900  0  0.399370  0.075664 3.700365 1.012657
7000  0  0.305441  0.063074 3.989186 1.012657
7100  0  0.233147  0.052221 4.314756 1.012657
7200  0  0.177592  0.042936 4.682827 1.012657
7300  0  0.134974  0.035053 5.100225 1.012657
7400  0  0.102340  0.028410 5.575094 1.012657
7500  0  0.077401  0.022857 6.117177 1.012657
7600  0  0.058383  0.018251 6.738189 1.012657
7700  0  0.043913  0.014461 7.452275 1.012657
7800  0  0.032930  0.011368 8.276588 1.012657
7900  0  0.024616  0.008864 9.232035 1.012657
8000  0  0.018339  0.006855 10.344216 1.012657
8100  0  0.013615  0.005256 11.644645 1.012657
8200  0  0.010070  0.003994 13.172320 1.012657
8300  0  0.007418  0.003008 14.975769 1.012657
8400  0  0.005442  0.002244 17.115734 1.012657
8500  0  0.003974  0.001658 19.668698 1.012657
8600  0  0.002889  0.001213 22.731583 1.012657
8700  0  0.002090  0.000878 26.428015 1.012657
8800  0  0.001504  0.000628 30.916786 1.012657
8900  0  0.001076  0.000444 36.403323 1.012657
