STMin::Observed_Data::Expected_Bkg::Shape_Unc_down::Shap_Unc_up::Norm_Unc
2500  20290  21708.181476  0.990822 1.014294 1.026638
2600  15529  16307.227845  0.994076 1.016504 1.026638
2700  11854  12331.949091  0.994085 1.019224 1.026638
2800  9150  9382.328700  0.992713 1.021470 1.026638
2900  7108  7177.573442  0.991077 1.022411 1.026638
3000  5538  5518.458059  0.988939 1.022232 1.026638
3100  4263  4262.230183  0.986042 1.021234 1.026638
3200  3300  3305.667682  0.982212 1.019726 1.026638
3300  2529  2573.501814  0.977725 1.018037 1.026638
3400  1985  2010.418123  0.972800 1.016527 1.026638
3500  1575  1575.471768  0.967326 1.015604 1.026638
3600  1220  1238.150645  0.961064 1.015736 1.026638
3700  961  975.574939  0.953667 1.017250 1.026638
3800  767  770.488192  0.944667 1.019510 1.026638
3900  595  609.804719  0.933451 1.022665 1.026638
4000  463  483.551515  0.920612 1.027067 1.026638
4100  360  384.092114  0.907069 1.032807 1.026638
4200  280  305.553557  0.892855 1.040227 1.026638
4300  220  243.400694  0.878001 1.049644 1.026638
4400  173  194.118118  0.862534 1.060888 1.026638
4500  136  154.971210  0.846478 1.074253 1.026638
4600  103  123.825701  0.829855 1.089212 1.026638
4700  76  99.010756  0.812687 1.105728 1.026638
4800  61  79.214612  0.794993 1.123901 1.026638
4900  49  63.404686  0.776792 1.143868 1.026638
5000  35  50.766158  0.758104 1.165813 1.026638
5100  24  40.654593  0.738948 1.189981 1.026638
5200  21  32.559245  0.719343 1.216703 1.026638
5300  16  26.074543  0.699309 1.246416 1.026638
5400  13  20.877868  0.678864 1.279702 1.026638
5500  10  16.712176  0.658028 1.317328 1.026638
5600  8  13.372367  0.636821 1.360064 1.026638
5700  8  10.694578  0.615258 1.407489 1.026638
5800  7  8.547737  0.593357 1.459899 1.026638
5900  6  6.826894  0.571130 1.517824 1.026638
6000  4  5.447937  0.548585 1.581869 1.026638
6100  4  4.343406  0.525724 1.652726 1.026638
6200  3  3.459158  0.502540 1.731183 1.026638
6300  3  2.751719  0.479015 1.818147 1.026638
6400  2  2.186165  0.455111 1.914658 1.026638
6500  2  1.734435  0.430772 2.021917 1.026638
6600  1  1.373977  0.405910 2.141312 1.026638
6700  1  1.086668  0.380398 2.274450 1.026638
6800  1  0.857943  0.354057 2.423201 1.026638
6900  1  0.676101  0.326640 2.589742 1.026638
7000  0  0.531744  0.297809 2.776624 1.026638
7100  0  0.417325  0.267103 2.986834 1.026638
7200  0  0.326792  0.233901 3.223890 1.026638
7300  0  0.255290  0.201993 3.491945 1.026638
7400  0  0.198930  0.172462 3.795922 1.026638
7500  0  0.154600  0.145481 4.141670 1.026638
7600  0  0.119810  0.121160 4.536174 1.026638
7700  0  0.092572  0.099546 4.987796 1.026638
7800  0  0.071303  0.080620 5.506595 1.026638
7900  0  0.054738  0.064305 6.104710 1.026638
8000  0  0.041875  0.050471 6.796856 1.026638
8100  0  0.031917  0.038941 7.600941 1.026638
8200  0  0.024233  0.029505 8.538853 1.026638
8300  0  0.018323  0.021930 9.637459 1.026638
8400  0  0.013795  0.015970 10.929883 1.026638
8500  0  0.010339  0.011382 12.457146 1.026638
8600  0  0.007711  0.007927 14.270282 1.026638
8700  0  0.005722  0.005389 16.433070 1.026638
8800  0  0.004224  0.003569 19.025584 1.026638
8900  0  0.003100  0.002300 22.148824 1.026638
9000  0  0.002262  0.001440 25.930765 1.026638
9100  0  0.001640  0.000873 30.534289 1.026638
9200  0  0.001181  0.000513 36.167601 1.026638
9300  0  0.000844  0.000290 43.097944 1.026638
9400  0  0.000599  0.000159 51.669633 1.026638
9500  0  0.000422  0.000083 62.327759 1.026638
9600  0  0.000294  0.000042 75.649228 1.026638
9700  0  0.000203  0.000020 92.383155 1.026638
9800  0  0.000139  0.000009 113.502895 1.026638
9900  0  0.000094  0.000004 140.271968 1.026638
