STMin::Observed_Data::Expected_Bkg::Shape_Unc_down::Shap_Unc_up::Norm_Unc
2500  2975  4089.651478  0.971010 1.007484 1.128976
2600  2316  3070.490812  0.971525 1.008978 1.128976
2700  1782  2319.926741  0.969387 1.011615 1.128976
2800  1376  1763.048333  0.966201 1.014263 1.128976
2900  1040  1347.032527  0.962679 1.015827 1.128976
3000  814  1034.273182  0.958547 1.016428 1.128976
3100  665  797.758866  0.953525 1.016281 1.128976
3200  527  617.927425  0.947476 1.015619 1.128976
3300  411  480.502468  0.940677 1.014703 1.128976
3400  330  374.990313  0.933292 1.013828 1.128976
3500  273  293.625985  0.925214 1.013341 1.128976
3600  214  230.627631  0.916234 1.013652 1.128976
3700  153  181.664763  0.906061 1.015255 1.128976
3800  130  143.476079  0.894307 1.017048 1.128976
3900  99  113.592795  0.880474 1.019156 1.128976
4000  75  90.136991  0.864997 1.021808 1.128976
4100  59  71.673679  0.848661 1.025305 1.128976
4200  42  57.101624  0.831504 1.030039 1.128976
4300  32  45.572308  0.813564 1.036289 1.128976
4400  26  36.429449  0.794877 1.043844 1.128976
4500  21  29.163630  0.775483 1.052947 1.128976
4600  18  23.378096  0.755423 1.063031 1.128976
4700  14  18.762862  0.734736 1.074018 1.128976
4800  11  15.075003  0.713468 1.085960 1.128976
4900  9  12.123618  0.691661 1.098939 1.128976
5000  6  9.758284  0.669365 1.113077 1.128976
5100  6  7.860182  0.646626 1.128551 1.128976
5200  5  6.335233  0.623496 1.145607 1.128976
5300  5  5.108786  0.600027 1.164586 1.128976
5400  4  4.121480  0.576271 1.185943 1.128976
5500  3  3.326024  0.552282 1.210289 1.128976
5600  3  2.684672  0.528115 1.237864 1.128976
5700  3  2.167247  0.503822 1.267961 1.128976
5800  3  1.749586  0.479455 1.300943 1.128976
5900  3  1.412311  0.455064 1.337068 1.128976
6000  2  1.139864  0.430694 1.376624 1.128976
6100  0  0.919733  0.406385 1.419934 1.128976
6200  0  0.741850  0.382170 1.467364 1.128976
6300  0  0.598102  0.358073 1.519321 1.128976
6400  0  0.481945  0.334104 1.576268 1.128976
6500  0  0.388099  0.310257 1.638729 1.128976
6600  0  0.312297  0.286508 1.707297 1.128976
6700  0  0.251091  0.262805 1.782645 1.128976
6800  0  0.201692  0.239064 1.865545 1.128976
6900  0  0.161845  0.215160 1.956873 1.128976
7000  0  0.129723  0.190918 2.057639 1.128976
7100  0  0.103848  0.166095 2.168999 1.128976
7200  0  0.083022  0.141271 2.292286 1.128976
7300  0  0.066275  0.118806 2.429044 1.128976
7400  0  0.052824  0.098681 2.581059 1.128976
7500  0  0.042032  0.080895 2.750411 1.128976
7600  0  0.033384  0.065400 2.939525 1.128976
7700  0  0.026464  0.052101 3.151244 1.128976
7800  0  0.020935  0.040867 3.388906 1.128976
7900  0  0.016525  0.031533 3.656452 1.128976
8000  0  0.013013  0.023911 3.958545 1.128976
8100  0  0.010222  0.017801 4.300731 1.128976
8200  0  0.008008  0.012997 4.689635 1.128976
8300  0  0.006256  0.009296 5.133197 1.128976
8400  0  0.004873  0.006505 5.640987 1.128976
8500  0  0.003784  0.004448 6.224588 1.128976
8600  0  0.002928  0.002968 6.898090 1.128976
8700  0  0.002258  0.001930 7.678726 1.128976
8800  0  0.001734  0.001220 8.587686 1.128976
8900  0  0.001327  0.000750 9.651173 1.128976
