STMin::Observed_Data::Expected_Bkg::Shape_Unc_down::Shap_Unc_up::Norm_Unc
2500  263  832.921103  0.840641 1.004615 1.464095
2600  219  610.230139  0.843746 1.005532 1.464095
2700  174  449.898600  0.844604 1.007234 1.464095
2800  147  333.602932  0.844773 1.008563 1.464095
2900  115  248.671685  0.844564 1.009359 1.464095
3000  91  186.256645  0.843742 1.009624 1.464095
3100  78  140.123751  0.842059 1.009548 1.464095
3200  68  105.844279  0.839543 1.009334 1.464095
3300  52  80.247841  0.836377 1.009207 1.464095
3400  41  61.048671  0.832733 1.009430 1.464095
3500  36  46.587880  0.828472 1.010320 1.464095
3600  25  35.654124  0.823387 1.011848 1.464095
3700  20  27.357789  0.817172 1.013386 1.464095
3800  15  21.042057  0.809408 1.015207 1.464095
3900  9  16.219568  0.799876 1.017544 1.464095
4000  8  12.527024  0.789485 1.020714 1.464095
4100  6  9.692433  0.778330 1.025144 1.464095
4200  6  7.511337  0.766427 1.031398 1.464095
4300  4  5.829461  0.753795 1.039296 1.464095
4400  3  4.529990  0.740451 1.049160 1.464095
4500  1  3.524178  0.726412 1.060818 1.464095
4600  1  2.744399  0.711696 1.073999 1.464095
4700  1  2.138970  0.696322 1.088893 1.464095
4800  1  1.668292  0.680313 1.105757 1.464095
4900  1  1.301947  0.663690 1.124942 1.464095
5000  1  1.016515  0.646478 1.146558 1.464095
5100  1  0.793927  0.628703 1.170650 1.464095
5200  0  0.620215  0.610395 1.197431 1.464095
5300  0  0.484560  0.591584 1.227138 1.464095
5400  0  0.378572  0.572302 1.260038 1.464095
5500  0  0.295730  0.552582 1.296430 1.464095
5600  0  0.230961  0.532459 1.336650 1.464095
5700  0  0.180316  0.511967 1.381079 1.464095
5800  0  0.140713  0.491137 1.430144 1.464095
5900  0  0.109746  0.470001 1.484335 1.464095
6000  0  0.085537  0.448584 1.544204 1.464095
6100  0  0.066616  0.426904 1.610385 1.464095
6200  0  0.051835  0.404969 1.683599 1.464095
6300  0  0.040293  0.382775 1.764673 1.464095
6400  0  0.031287  0.360294 1.854558 1.464095
6500  0  0.024264  0.337474 1.954349 1.464095
6600  0  0.018793  0.314226 2.065313 1.464095
6700  0  0.014534  0.290413 2.188915 1.464095
6800  0  0.011223  0.265830 2.326860 1.464095
6900  0  0.008651  0.240187 2.481137 1.464095
7000  0  0.006657  0.213075 2.654070 1.464095
7100  0  0.005113  0.185001 2.848389 1.464095
7200  0  0.003918  0.158891 3.067310 1.464095
7300  0  0.002996  0.134897 3.314635 1.464095
7400  0  0.002286  0.113133 3.594875 1.464095
7500  0  0.001740  0.093659 3.913408 1.464095
7600  0  0.001321  0.076481 4.276664 1.464095
7700  0  0.001000  0.061555 4.692372 1.464095
7800  0  0.000754  0.048787 5.169860 1.464095
7900  0  0.000568  0.038045 5.720437 1.464095
8000  0  0.000426  0.029162 6.357880 1.464095
8100  0  0.000318  0.021951 7.099059 1.464095
8200  0  0.000237  0.016207 7.964738 1.464095
8300  0  0.000176  0.011725 8.980613 1.464095
8400  0  0.000130  0.008301 10.178664 1.464095
8500  0  0.000095  0.005744 11.598929 1.464095
8600  0  0.000070  0.003880 13.291846 1.464095
8700  0  0.000051  0.002554 15.321365 1.464095
8800  0  0.000037  0.001636 17.769117 1.464095
8900  0  0.000027  0.001018 20.740050 1.464095
