STMin::Observed_Data::Expected_Bkg::Shape_Unc_down::Shap_Unc_up::Norm_Unc
2500  1148  1600.975129  0.974107 1.102912 1.337474
2600  902  1161.384797  0.980815 1.140488 1.337474
2700  696  847.121399  0.983060 1.190180 1.337474
2800  520  621.048371  0.982925 1.251833 1.337474
2900  385  457.472605  0.980611 1.333510 1.337474
3000  314  338.477103  0.975169 1.442226 1.337474
3100  254  251.475542  0.967608 1.581424 1.337474
3200  183  187.565780  0.958496 1.761115 1.337474
3300  139  140.411293  0.950683 1.994105 1.337474
3400  122  105.474891  0.944795 2.296988 1.337474
3500  94  79.489656  0.940880 2.691222 1.337474
3600  78  60.091006  0.938713 3.204492 1.337474
3700  56  45.559057  0.937777 3.871452 1.337474
3800  41  34.637056  0.937229 4.734311 1.337474
3900  30  26.402670  0.935831 5.850042 1.337474
4000  20  20.176202  0.931857 7.291564 1.337474
4100  18  15.454817  0.922958 9.152157 1.337474
4200  13  11.865143  0.907938 11.550766 1.337474
4300  12  9.128974  0.891305 14.637912 1.337474
4400  8  7.038319  0.873240 18.606030 1.337474
4500  8  5.437195  0.853751 23.695633 1.337474
4600  7  4.208267  0.832855 30.215087 1.337474
4700  7  3.263021  0.810586 38.555367 1.337474
4800  4  2.534501  0.786987 49.211527 1.337474
4900  4  1.971927  0.762119 62.809706 1.337474
5000  1  1.536692  0.736051 80.140983 1.337474
5100  1  1.199371  0.708869 102.203776 1.337474
5200  1  0.937488  0.680671 130.256904 1.337474
5300  1  0.733837  0.651566 165.885944 1.337474
5400  1  0.575219  0.621675 211.077425 1.337474
5500  1  0.451486  0.591128 268.313666 1.337474
5600  1  0.354824  0.560062 340.731145 1.337474
5700  1  0.279203  0.528622 432.261378 1.337474
5800  1  0.219963  0.496954 547.831831 1.337474
5900  0  0.173492  0.465206 693.613179 1.337474
6000  0  0.136993  0.433523 877.326815 1.337474
6100  0  0.108290  0.402045 1108.627072 1.337474
6200  0  0.085691  0.370903 1399.575995 1.337474
6300  0  0.067877  0.340211 1765.232726 1.337474
6400  0  0.053819  0.310070 2224.384720 1.337474
6500  0  0.042714  0.280553 2800.454396 1.337474
6600  0  0.033932  0.251708 3522.622673 1.337474
6700  0  0.026980  0.223547 4427.220472 1.337474
6800  0  0.021471  0.196043 5559.451163 1.337474
6900  0  0.017101  0.169117 6975.521495 1.337474
7000  0  0.013632  0.142637 8745.276473 1.337474
7100  0  0.010876  0.117320 10955.455657 1.337474
7200  0  0.008683  0.095252 13713.715355 1.337474
7300  0  0.006938  0.076181 17153.594317 1.337474
7400  0  0.005548  0.059971 21440.641155 1.337474
7500  0  0.004439  0.046426 26779.971528 1.337474
7600  0  0.003555  0.035312 33425.584093 1.337474
7700  0  0.002848  0.026364 41691.838955 1.337474
7800  0  0.002284  0.019300 51967.593724 1.337474
7900  0  0.001833  0.013839 64733.604130 1.337474
8000  0  0.001471  0.009708 80583.932844 1.337474
8100  0  0.001182  0.006655 100252.277237 1.337474
8200  0  0.000950  0.004452 124644.330855 1.337474
8300  0  0.000764  0.002903 154877.542500 1.337474
8400  0  0.000615  0.001842 192329.940758 1.337474
8500  0  0.000495  0.001135 238700.062476 1.337474
8600  0  0.000399  0.000679 296080.475521 1.337474
8700  0  0.000322  0.000393 367047.936542 1.337474
8800  0  0.000259  0.000220 454773.894800 1.337474
8900  0  0.000209  0.000119 563159.868932 1.337474
