STMin::Observed_Data::Expected_Bkg::Shape_Unc_down::Shap_Unc_up::Norm_Unc
2500  131577  132344.174926  0.985425 1.008580 1.008298
2600  99066  99417.199770  0.988314 1.010851 1.008298
2700  75262  75181.867696  0.988240 1.014010 1.008298
2800  57497  57199.473486  0.986888 1.016797 1.008298
2900  44089  43758.158014  0.985104 1.018285 1.008298
3000  33981  33643.342235  0.982682 1.018576 1.008298
3100  26122  25984.734721  0.979407 1.017979 1.008298
3200  20211  20153.040572  0.975154 1.016817 1.008298
3300  15616  15689.383044  0.970164 1.015435 1.008298
3400  12168  12256.536925  0.964768 1.014211 1.008298
3500  9515  9604.881531  0.958880 1.013573 1.008298
3600  7452  7548.399470  0.952325 1.014018 1.008298
3700  5883  5947.603700  0.944838 1.016129 1.008298
3800  4640  4697.290015  0.936050 1.019026 1.008298
3900  3690  3717.681400  0.925472 1.022588 1.008298
4000  2930  2947.977307  0.913094 1.027074 1.008298
4100  2284  2341.621940  0.900151 1.032816 1.008298
4200  1810  1862.810732  0.886575 1.040239 1.008298
4300  1420  1483.895096  0.872387 1.049659 1.008298
4400  1149  1183.443312  0.857604 1.060905 1.008298
4500  918  944.783744  0.842240 1.074274 1.008298
4600  729  754.904793  0.826306 1.089239 1.008298
4700  581  603.620199  0.809811 1.105762 1.008298
4800  456  482.932787  0.792762 1.123944 1.008298
4900  363  386.547390  0.775161 1.143922 1.008298
5000  283  309.496461  0.757010 1.165880 1.008298
5100  222  247.851191  0.738306 1.190066 1.008298
5200  184  198.497808  0.719045 1.216808 1.008298
5300  141  158.963749  0.699215 1.246548 1.008298
5400  109  127.282165  0.678799 1.279867 1.008298
5500  81  101.885973  0.657947 1.317534 1.008298
5600  65  81.524790  0.636719 1.360323 1.008298
5700  49  65.199620  0.615132 1.407813 1.008298
5800  38  52.111381  0.593199 1.460304 1.008298
5900  32  41.620241  0.570933 1.518332 1.008298
6000  29  33.213415  0.548338 1.582507 1.008298
6100  24  26.479627  0.525415 1.653526 1.008298
6200  15  21.088800  0.502152 1.732188 1.008298
6300  14  16.775889  0.478527 1.819411 1.008298
6400  11  13.327983  0.454497 1.916250 1.008298
6500  9  10.574006  0.429999 2.023924 1.008298
6600  7  8.376472  0.404934 2.143846 1.008298
6700  7  6.624889  0.379164 2.277654 1.008298
6800  7  5.230465  0.352494 2.427260 1.008298
6900  7  4.121863  0.324658 2.594894 1.008298
7000  5  3.241785  0.295288 2.783174 1.008298
7100  5  2.544232  0.263891 2.995181 1.008298
7200  4  1.992296  0.230687 3.234549 1.008298
7300  3  1.556384  0.199217 3.505591 1.008298
7400  3  1.212785  0.170091 3.813434 1.008298
7500  3  0.942523  0.143481 4.164203 1.008298
7600  3  0.730425  0.119494 4.565250 1.008298
7700  2  0.564372  0.098177 5.025426 1.008298
7800  1  0.434701  0.079511 5.555447 1.008298
7900  1  0.333715  0.063421 6.168341 1.008298
8000  1  0.255296  0.049777 6.880026 1.008298
8100  1  0.194585  0.038405 7.710049 1.008298
8200  1  0.147737  0.029099 8.682542 1.008298
8300  1  0.111710  0.021628 9.827460 1.008298
8400  1  0.084105  0.015750 11.182202 1.008298
8500  1  0.063033  0.011225 12.793740 1.008298
8600  1  0.047015  0.007818 14.721437 1.008298
8700  1  0.034890  0.005314 17.040816 1.008298
8800  1  0.025754  0.003520 19.848607 1.008298
8900  1  0.018904  0.002268 23.269601 1.008298
