STMin::Observed_Data::Expected_Bkg::Shape_Unc_down::Shap_Unc_up::Norm_Unc
2500  248203  248792.005495  0.987765 1.011601 1.006037
2600  187036  187038.355736  0.991675 1.014277 1.006037
2700  141934  141511.276912  0.991691 1.018423 1.006037
2800  108457  107691.911382  0.989809 1.022505 1.006037
2900  83255  82394.076185  0.987774 1.025028 1.006037
3000  64145  63348.944811  0.985204 1.026063 1.006037
3100  49326  48926.100420  0.981747 1.025961 1.006037
3200  38163  37943.936383  0.977166 1.025080 1.006037
3300  29456  29539.351202  0.971691 1.023759 1.006037
3400  22954  23077.266359  0.965488 1.022440 1.006037
3500  18049  18087.189424  0.958327 1.021627 1.006037
3600  14138  14218.336861  0.949840 1.021910 1.006037
3700  11175  11207.618145  0.939534 1.023992 1.006037
3800  8888  8856.614249  0.926760 1.027223 1.006037
3900  7022  7014.900484  0.910693 1.031208 1.006037
4000  5586  5567.880763  0.892762 1.036284 1.006037
4100  4332  4427.854457  0.873805 1.042885 1.006037
4200  3416  3527.416181  0.853900 1.051561 1.006037
4300  2680  2814.550713  0.833123 1.062547 1.006037
4400  2191  2248.967554  0.811547 1.075580 1.006037
4500  1766  1799.347517  0.789247 1.091074 1.006037
4600  1381  1441.264225  0.766293 1.108519 1.006037
4700  1113  1155.607742  0.742759 1.127748 1.006037
4800  874  927.383749  0.718714 1.148846 1.006037
4900  695  744.794971  0.694231 1.171900 1.006037
5000  539  598.535715  0.669380 1.197004 1.006037
5100  424  481.248057  0.644233 1.224263 1.006037
5200  362  387.101122  0.618861 1.253795 1.006037
5300  277  311.464524  0.593335 1.285729 1.006037
5400  219  250.654054  0.567725 1.320209 1.006037
5500  171  201.733052  0.542102 1.357398 1.006037
5600  139  162.356813  0.516536 1.397479 1.006037
5700  103  130.650383  0.491094 1.440657 1.006037
5800  80  105.112320  0.465844 1.487165 1.006037
5900  70  84.538733  0.440852 1.537270 1.006037
6000  61  67.963172  0.416180 1.591275 1.006037
6100  50  54.608980  0.391889 1.649531 1.006037
6200  29  43.851422  0.368037 1.712442 1.006037
6300  26  35.187551  0.344676 1.780482 1.006037
6400  21  28.212163  0.321856 1.854205 1.006037
6500  15  22.598602  0.299619 1.934267 1.006037
6600  11  18.083395  0.278003 2.021445 1.006037
6700  11  14.453939  0.257037 2.116677 1.006037
6800  11  11.538630  0.236743 2.221090 1.006037
6900  11  9.198925  0.217131 2.336058 1.006037
7000  7  7.322960  0.198200 2.463267 1.006037
7100  7  5.820412  0.179933 2.604796 1.006037
7200  4  4.618359  0.162300 2.763234 1.006037
7300  3  3.657939  0.145244 2.941823 1.006037
7400  3  2.891654  0.128686 3.144652 1.006037
7500  3  2.281191  0.112514 3.376915 1.006037
7600  3  1.795663  0.096573 3.645251 1.006037
7700  2  1.410184  0.080656 3.954336 1.006037
7800  1  1.104720  0.064489 4.303746 1.006037
7900  1  0.863156  0.050645 4.701389 1.006037
8000  1  0.672541  0.039109 5.155500 1.006037
8100  1  0.522479  0.029667 5.676000 1.006037
8200  1  0.404636  0.022083 6.274894 1.006037
8300  1  0.312341  0.016113 6.966782 1.006037
8400  1  0.240257  0.011510 7.769505 1.006037
8500  1  0.184128  0.008039 8.704986 1.006037
8600  1  0.140562  0.005483 9.800303 1.006037
8700  1  0.106861  0.003646 11.089097 1.006037
8800  1  0.080885  0.002360 12.613413 1.006037
8900  1  0.060941  0.001485 14.426131 1.006037
