STMin::Observed_Data::Expected_Bkg::Shape_Unc_down::Shap_Unc_up::Norm_Unc
2500  3390  5249.926954  0.887470 1.004616 1.152318
2600  2638  3846.299056  0.890748 1.005533 1.152318
2700  2045  2835.724510  0.891653 1.007235 1.152318
2800  1599  2102.709389  0.891832 1.008564 1.152318
2900  1240  1567.385166  0.891611 1.009360 1.152318
3000  971  1173.981278  0.890743 1.009625 1.152318
3100  769  883.204248  0.888966 1.009549 1.152318
3200  600  667.139698  0.886311 1.009335 1.152318
3300  460  505.804574  0.882969 1.009208 1.152318
3400  358  384.791623  0.879122 1.009431 1.152318
3500  275  293.644822  0.874624 1.010321 1.152318
3600  211  224.729023  0.869255 1.011849 1.152318
3700  165  172.436974  0.862694 1.013387 1.152318
3800  129  132.628721  0.854499 1.015208 1.152318
3900  91  102.232428  0.844435 1.017544 1.152318
4000  70  78.958214  0.833466 1.020714 1.152318
4100  54  61.091701  0.821689 1.025144 1.152318
4200  41  47.344183  0.809123 1.031398 1.152318
4300  27  36.743271  0.795788 1.039297 1.152318
4400  22  28.552667  0.781700 1.049161 1.152318
4500  15  22.213003  0.766879 1.060819 1.152318
4600  13  17.298027  0.751343 1.074001 1.152318
4700  13  13.481993  0.735113 1.088895 1.152318
4800  10  10.515298  0.718212 1.105759 1.152318
4900  9  8.206213  0.700662 1.124943 1.152318
5000  7  6.407125  0.682492 1.146560 1.152318
5100  5  5.004146  0.663727 1.170652 1.152318
5200  3  3.909232  0.644399 1.197433 1.152318
5300  2  3.054198  0.624540 1.227140 1.152318
5400  0  2.386150  0.604184 1.260041 1.152318
5500  0  1.863993  0.583365 1.296432 1.152318
5600  0  1.455757  0.562121 1.336653 1.152318
5700  0  1.136539  0.540487 1.381081 1.152318
5800  0  0.886916  0.518497 1.430147 1.152318
5900  0  0.691732  0.496184 1.484337 1.152318
6000  0  0.539140  0.473573 1.544207 1.152318
6100  0  0.419883  0.450685 1.610388 1.152318
6200  0  0.326716  0.427529 1.683601 1.152318
6300  0  0.253969  0.404098 1.764675 1.152318
6400  0  0.197202  0.380365 1.854561 1.152318
6500  0  0.152937  0.356274 1.954352 1.152318
6600  0  0.118450  0.331731 2.065316 1.152318
6700  0  0.091607  0.306591 2.188918 1.152318
6800  0  0.070737  0.280638 2.326864 1.152318
6900  0  0.054530  0.253566 2.481141 1.152318
7000  0  0.041960  0.224944 2.654074 1.152318
7100  0  0.032225  0.195306 2.848394 1.152318
7200  0  0.024698  0.167742 3.067315 1.152318
7300  0  0.018887  0.142411 3.314640 1.152318
7400  0  0.014410  0.119435 3.594881 1.152318
7500  0  0.010967  0.098876 3.913414 1.152318
7600  0  0.008324  0.080742 4.276671 1.152318
7700  0  0.006301  0.064984 4.692380 1.152318
7800  0  0.004755  0.051505 5.169869 1.152318
7900  0  0.003578  0.040164 5.720446 1.152318
8000  0  0.002683  0.030786 6.357890 1.152318
8100  0  0.002005  0.023173 7.099070 1.152318
8200  0  0.001493  0.017110 7.964751 1.152318
8300  0  0.001107  0.012378 8.980627 1.152318
8400  0  0.000818  0.008764 10.178680 1.152318
8500  0  0.000601  0.006064 11.598948 1.152318
8600  0  0.000440  0.004096 13.291868 1.152318
8700  0  0.000321  0.002696 15.321390 1.152318
8800  0  0.000232  0.001727 17.769146 1.152318
8900  0  0.000167  0.001075 20.740084 1.152318
