STMin::Observed_Data::Expected_Bkg::Shape_Unc_down::Shap_Unc_up::Norm_Unc
2500  162546  164035.222403  0.986881 1.011395 1.007943
2600  122665  123319.389705  0.990927 1.014004 1.007943
2700  93324  93302.169154  0.991283 1.018063 1.007943
2800  71308  71004.157065  0.989792 1.022033 1.007943
2900  54818  54324.617806  0.987772 1.024412 1.007943
3000  42306  41767.653388  0.985203 1.025263 1.007943
3100  32524  32258.286386  0.981747 1.024926 1.007943
3200  25149  25017.451952  0.977167 1.023776 1.007943
3300  19358  19476.084187  0.971691 1.022231 1.007943
3400  15156  15215.458841  0.965488 1.020771 1.007943
3500  11930  11925.367674  0.958326 1.019949 1.007943
3600  9356  9374.529718  0.949839 1.020376 1.007943
3700  7381  7389.482356  0.939532 1.022641 1.007943
3800  5905  5839.402618  0.926758 1.026100 1.007943
3900  4653  4625.111481  0.910690 1.030369 1.007943
4000  3654  3671.052683  0.892759 1.035800 1.007943
4100  2820  2919.402853  0.873802 1.042757 1.007943
4200  2206  2325.719818  0.853897 1.051562 1.007943
4300  1718  1855.708552  0.833120 1.062549 1.007943
4400  1388  1482.804450  0.811545 1.075581 1.007943
4500  1112  1186.357936  0.789245 1.091075 1.007943
4600  873  950.264046  0.766291 1.108520 1.007943
4700  713  761.923087  0.742756 1.127749 1.007943
4800  565  611.448906  0.718712 1.148847 1.007943
4900  464  491.063241  0.694229 1.171900 1.007943
5000  363  394.630603  0.669378 1.197004 1.007943
5100  297  317.299713  0.644231 1.224264 1.007943
5200  259  255.226122  0.618859 1.253796 1.007943
5300  193  205.356890  0.593333 1.285730 1.007943
5400  157  165.262921  0.567723 1.320210 1.007943
5500  129  133.007996  0.542100 1.357399 1.007943
5600  105  107.046188  0.516533 1.397480 1.007943
5700  81  86.141291  0.491091 1.440658 1.007943
5800  62  69.303364  0.465841 1.487166 1.007943
5900  54  55.738647  0.440849 1.537271 1.007943
6000  48  44.809937  0.416176 1.591276 1.007943
6100  40  36.005161  0.391885 1.649532 1.007943
6200  23  28.912415  0.368032 1.712443 1.007943
6300  20  23.200093  0.344671 1.780483 1.007943
6400  18  18.601034  0.321849 1.854206 1.007943
6500  12  14.899863  0.299611 1.934267 1.007943
6600  8  11.922866  0.277994 2.021446 1.007943
6700  8  9.529868  0.257026 2.116677 1.007943
6800  8  7.607728  0.236729 2.221090 1.007943
6900  8  6.065097  0.217113 2.336058 1.007943
7000  4  4.828223  0.198178 2.463267 1.007943
7100  4  3.837553  0.179906 2.604796 1.007943
7200  1  3.045008  0.162266 2.763233 1.007943
7300  1  2.411777  0.145201 2.941821 1.007943
7400  1  1.906545  0.128632 3.144650 1.007943
7500  1  1.504050  0.112445 3.376913 1.007943
7600  1  1.183929  0.096486 3.645248 1.007943
7700  0  0.929772  0.080546 3.954331 1.007943
7800  0  0.728372  0.064349 4.303741 1.007943
7900  0  0.569102  0.050535 4.701383 1.007943
8000  0  0.443424  0.039024 5.155494 1.007943
8100  0  0.344484  0.029602 5.675993 1.007943
8200  0  0.266788  0.022035 6.274886 1.007943
8300  0  0.205934  0.016078 6.966773 1.007943
8400  0  0.158408  0.011485 7.769496 1.007943
8500  0  0.121400  0.008022 8.704976 1.007943
8600  0  0.092676  0.005471 9.800291 1.007943
8700  0  0.070456  0.003638 11.089083 1.007943
8800  0  0.053330  0.002355 12.613398 1.007943
8900  0  0.040180  0.001482 14.426113 1.007943
