STMin::Observed_Data::Expected_Bkg::Shape_Unc_down::Shap_Unc_up::Norm_Unc
2500  25061  27600.148972  0.943562 1.011729 1.024047
2600  19105  20739.027802  0.947244 1.015008 1.024047
2700  14737  15697.114102  0.947277 1.019340 1.024047
2800  11249  11959.659811  0.945762 1.023554 1.024047
2900  8746  9167.042505  0.943161 1.025809 1.024047
3000  6756  7065.147066  0.939210 1.026397 1.024047
3100  5196  5472.522247  0.933657 1.025726 1.024047
3200  4056  4258.343693  0.926258 1.024225 1.024047
3300  3181  3327.440533  0.917560 1.022357 1.024047
3400  2457  2610.001824  0.907864 1.020636 1.024047
3500  1912  2054.422750  0.897254 1.019639 1.024047
3600  1506  1622.282188  0.885652 1.020028 1.024047
3700  1161  1284.783019  0.872906 1.022577 1.024047
3800  895  1020.206703  0.858782 1.027300 1.024047
3900  711  812.077902  0.842957 1.032821 1.024047
4000  559  647.830732  0.825428 1.039702 1.024047
4100  436  517.832386  0.807200 1.048365 1.024047
4200  337  414.663440  0.788327 1.059342 1.024047
4300  261  332.583897  0.768873 1.073042 1.024047
4400  205  267.134592  0.748899 1.089399 1.024047
4500  156  214.837930  0.728461 1.109062 1.024047
4600  120  172.971972  0.707612 1.131171 1.024047
4700  102  139.398997  0.686403 1.155745 1.024047
4800  81  112.434787  0.664882 1.182919 1.024047
4900  65  90.748489  0.643094 1.212843 1.024047
5000  53  73.285572  0.621085 1.245682 1.024047
5100  44  59.208304  0.598896 1.281617 1.024047
5200  33  47.849592  0.576570 1.320850 1.024047
5300  28  38.677041  0.554144 1.363603 1.024047
5400  22  31.264884  0.531656 1.410123 1.024047
5500  18  25.271982  0.509143 1.460683 1.024047
5600  15  20.424522  0.486636 1.515587 1.024047
5700  13  16.502381  0.464166 1.575171 1.024047
5800  10  13.328339  0.441757 1.639810 1.024047
5900  6  10.759527  0.419429 1.709923 1.024047
6000  5  8.680633  0.397197 1.785974 1.024047
6100  4  6.998486  0.375066 1.868484 1.024047
6200  3  5.637737  0.353030 1.958037 1.024047
6300  3  4.537398  0.331070 2.055287 1.024047
6400  1  3.648072  0.309150 2.160971 1.024047
6500  1  2.929726  0.287213 2.275922 1.024047
6600  1  2.349903  0.265172 2.401084 1.024047
6700  1  1.882277  0.242906 2.537531 1.024047
6800  1  1.505492  0.220247 2.686489 1.024047
6900  1  1.202222  0.196967 2.849366 1.024047
7000  0  0.958407  0.172765 3.027789 1.024047
7100  0  0.762645  0.149667 3.223642 1.024047
7200  0  0.605686  0.128346 3.439127 1.024047
7300  0  0.480031  0.108882 3.676831 1.024047
7400  0  0.379604  0.091324 3.939815 1.024047
7500  0  0.299482  0.075678 4.231731 1.024047
7600  0  0.235684  0.061917 4.556970 1.024047
7700  0  0.184987  0.049979 4.920854 1.024047
7800  0  0.144791  0.039769 5.329896 1.024047
7900  0  0.112994  0.031170 5.792137 1.024047
8000  0  0.087905  0.024042 6.317607 1.024047
8100  0  0.068162  0.018232 6.918929 1.024047
8200  0  0.052669  0.013580 7.612165 1.024047
8300  0  0.040548  0.009925 8.417949 1.024047
8400  0  0.031095  0.007109 9.363072 1.024047
8500  0  0.023748  0.004984 10.482672 1.024047
8600  0  0.018059  0.003416 11.823319 1.024047
8700  0  0.013670  0.002286 13.447372 1.024047
8800  0  0.010298  0.001491 15.439191 1.024047
8900  0  0.007718  0.000947 17.861034 1.024047
